natCu(p,x)63Zn


	fit	fit
Energy	Pade	Uncert.	Phys. yield	Phys. yield	1 h irrad.
MeV	mb	mb	(MBq/uAh)	(mCi/uAh)	(MBq/uA)
4.0	0.01	0.001	1.12E-03	3.02E-05	6.80E-04
4.1	0.11	0.01	1.45E-02	3.91E-04	8.80E-03
4.2	2.20	0.22	2.97E-01	8.04E-03	1.81E-01
4.3	6.09	0.61	1.09E+00	2.94E-02	6.61E-01
4.4	11.54	1.15	2.61E+00	7.05E-02	1.59E+00
4.5	18.25	1.82	5.06E+00	1.37E-01	3.08E+00
4.6	25.83	2.58	8.57E+00	2.32E-01	5.21E+00
4.7	34.01	3.40	1.33E+01	3.59E-01	8.08E+00
4.8	42.56	4.26	1.93E+01	5.20E-01	1.17E+01
4.9	51.23	5.12	2.65E+01	7.17E-01	1.62E+01
5.0	59.80	3.58	3.52E+01	9.51E-01	2.14E+01
5.1	68.07	4.08	4.52E+01	1.22E+00	2.75E+01
5.2	76.00	4.55	5.64E+01	1.52E+00	3.43E+01
5.3	83.62	5.01	6.90E+01	1.86E+00	4.20E+01
5.4	90.92	5.45	8.28E+01	2.24E+00	5.04E+01
5.5	97.92	5.87	9.78E+01	2.64E+00	5.95E+01
5.6	104.63	6.27	1.14E+02	3.09E+00	6.95E+01
5.7	111.07	6.65	1.32E+02	3.56E+00	8.01E+01
5.8	117.23	7.02	1.50E+02	4.06E+00	9.15E+01
5.9	123.14	7.38	1.70E+02	4.60E+00	1.04E+02
6.0	128.81	6.56	1.91E+02	5.18E+00	1.17E+02
6.1	134.24	6.83	2.14E+02	5.78E+00	1.30E+02
6.2	139.45	7.10	2.37E+02	6.41E+00	1.44E+02
6.3	144.48	7.36	2.62E+02	7.07E+00	1.59E+02
6.4	149.32	7.60	2.87E+02	7.76E+00	1.75E+02
6.5	154.02	7.84	3.14E+02	8.49E+00	1.91E+02
6.6	158.58	8.07	3.42E+02	9.23E+00	2.08E+02
6.7	163.03	8.30	3.71E+02	1.00E+01	2.25E+02
6.8	167.38	8.52	4.00E+02	1.08E+01	2.44E+02
6.9	171.67	8.74	4.31E+02	1.17E+01	2.62E+02
7.0	175.90	8.36	4.64E+02	1.25E+01	2.82E+02
7.1	180.10	8.56	4.97E+02	1.34E+01	3.02E+02
7.2	184.27	8.76	5.31E+02	1.44E+01	3.23E+02
7.3	188.42	8.96	5.67E+02	1.53E+01	3.45E+02
7.4	192.54	9.15	6.03E+02	1.63E+01	3.67E+02
7.5	196.66	9.35	6.41E+02	1.73E+01	3.90E+02
7.6	200.76	9.54	6.80E+02	1.84E+01	4.14E+02
7.7	204.85	9.74	7.20E+02	1.95E+01	4.38E+02
7.8	208.94	9.93	7.61E+02	2.06E+01	4.63E+02
7.9	213.03	10.13	8.04E+02	2.17E+01	4.89E+02
8.0	217.12	10.22	8.47E+02	2.29E+01	5.16E+02
8.1	221.22	10.41	8.92E+02	2.41E+01	5.43E+02
8.2	225.33	10.60	9.38E+02	2.54E+01	5.71E+02
8.3	229.44	10.80	9.85E+02	2.66E+01	6.00E+02
8.4	233.56	10.99	1.03E+03	2.80E+01	6.29E+02
8.5	237.68	11.19	1.08E+03	2.93E+01	6.60E+02
8.6	241.81	11.38	1.14E+03	3.07E+01	6.91E+02
8.7	245.94	11.57	1.19E+03	3.21E+01	7.23E+02
8.8	250.07	11.77	1.24E+03	3.36E+01	7.56E+02
8.9	254.20	11.96	1.30E+03	3.51E+01	7.89E+02
9.0	258.34	12.17	1.35E+03	3.66E+01	8.24E+02
9.1	262.47	12.37	1.41E+03	3.81E+01	8.59E+02
9.2	266.60	12.56	1.47E+03	3.97E+01	8.95E+02
9.3	270.71	12.75	1.53E+03	4.14E+01	9.32E+02
9.4	274.80	12.95	1.59E+03	4.31E+01	9.70E+02
9.5	278.86	13.14	1.66E+03	4.48E+01	1.01E+03
9.6	282.89	13.33	1.72E+03	4.65E+01	1.05E+03
9.7	286.88	13.52	1.79E+03	4.83E+01	1.09E+03
9.8	290.81	13.70	1.86E+03	5.02E+01	1.13E+03
9.9	294.69	13.89	1.93E+03	5.20E+01	1.17E+03
10.0	298.51	14.03	2.00E+03	5.39E+01	1.21E+03
10.1	302.26	14.21	2.07E+03	5.59E+01	1.26E+03
10.2	305.92	14.38	2.14E+03	5.79E+01	1.30E+03
10.3	309.49	14.55	2.22E+03	5.99E+01	1.35E+03
10.4	312.95	14.71	2.29E+03	6.19E+01	1.39E+03
10.5	316.29	14.87	2.37E+03	6.40E+01	1.44E+03
10.6	319.49	15.02	2.45E+03	6.62E+01	1.49E+03
10.7	322.54	15.16	2.53E+03	6.83E+01	1.54E+03
10.8	325.44	15.30	2.61E+03	7.05E+01	1.59E+03
10.9	328.16	15.43	2.69E+03	7.28E+01	1.64E+03
11.0	330.69	15.55	2.78E+03	7.50E+01	1.69E+03
11.1	333.03	15.66	2.86E+03	7.73E+01	1.74E+03
11.2	335.16	15.76	2.95E+03	7.96E+01	1.79E+03
11.3	337.06	15.85	3.03E+03	8.20E+01	1.85E+03
11.4	338.73	15.92	3.12E+03	8.44E+01	1.90E+03
11.5	340.15	15.99	3.21E+03	8.68E+01	1.95E+03
11.6	341.31	16.05	3.30E+03	8.92E+01	2.01E+03
11.7	342.21	16.09	3.39E+03	9.17E+01	2.06E+03
11.8	342.82	16.12	3.48E+03	9.42E+01	2.12E+03
11.9	343.14	16.13	3.58E+03	9.66E+01	2.18E+03
12.0	343.15	16.17	3.67E+03	9.92E+01	2.23E+03
12.1	342.85	16.15	3.76E+03	1.02E+02	2.29E+03
12.2	342.23	16.13	3.86E+03	1.04E+02	2.35E+03
12.3	341.30	16.08	3.95E+03	1.07E+02	2.40E+03
12.4	340.06	16.02	4.04E+03	1.09E+02	2.46E+03
12.5	338.50	15.95	4.14E+03	1.12E+02	2.52E+03
12.6	336.64	15.86	4.23E+03	1.14E+02	2.58E+03
12.7	334.47	15.76	4.33E+03	1.17E+02	2.63E+03
12.8	331.99	15.64	4.42E+03	1.19E+02	2.69E+03
12.9	329.20	15.51	4.51E+03	1.22E+02	2.75E+03
13.0	326.11	15.37	4.61E+03	1.25E+02	2.80E+03
13.1	322.72	15.21	4.70E+03	1.27E+02	2.86E+03
13.2	319.05	15.03	4.79E+03	1.30E+02	2.92E+03
13.3	315.10	14.85	4.89E+03	1.32E+02	2.97E+03
13.4	310.91	14.65	4.98E+03	1.35E+02	3.03E+03
13.5	306.47	14.44	5.07E+03	1.37E+02	3.08E+03
13.6	301.82	14.22	5.16E+03	1.39E+02	3.14E+03
13.7	296.96	13.99	5.25E+03	1.42E+02	3.19E+03
13.8	291.92	13.75	5.33E+03	1.44E+02	3.25E+03
13.9	286.70	13.51	5.42E+03	1.46E+02	3.30E+03
14.0	281.33	13.44	5.50E+03	1.49E+02	3.35E+03
14.1	275.82	13.17	5.59E+03	1.51E+02	3.40E+03
14.2	270.19	12.90	5.67E+03	1.53E+02	3.45E+03
14.3	264.46	12.63	5.75E+03	1.55E+02	3.50E+03
14.4	258.63	12.35	5.83E+03	1.58E+02	3.55E+03
14.5	252.74	12.07	5.91E+03	1.60E+02	3.60E+03
14.6	246.80	11.79	5.99E+03	1.62E+02	3.64E+03
14.7	240.83	11.50	6.06E+03	1.64E+02	3.69E+03
14.8	234.83	11.22	6.14E+03	1.66E+02	3.74E+03
14.9	228.84	10.93	6.21E+03	1.68E+02	3.78E+03
15.0	222.86	10.64	6.28E+03	1.70E+02	3.82E+03
15.1	216.92	10.36	6.35E+03	1.72E+02	3.87E+03
15.2	211.02	10.08	6.42E+03	1.73E+02	3.91E+03
15.3	205.17	9.80	6.49E+03	1.75E+02	3.95E+03
15.4	199.38	9.52	6.55E+03	1.77E+02	3.99E+03
15.5	193.66	9.25	6.61E+03	1.79E+02	4.03E+03
15.6	188.01	8.98	6.68E+03	1.80E+02	4.06E+03
15.7	182.45	8.71	6.74E+03	1.82E+02	4.10E+03
15.8	176.98	8.45	6.79E+03	1.84E+02	4.13E+03
15.9	171.60	8.20	6.85E+03	1.85E+02	4.17E+03
16.0	166.34	7.94	6.91E+03	1.87E+02	4.20E+03
16.1	161.19	7.69	6.96E+03	1.88E+02	4.24E+03
16.2	156.15	7.45	7.01E+03	1.90E+02	4.27E+03
16.3	151.24	7.22	7.07E+03	1.91E+02	4.30E+03
16.4	146.44	6.99	7.12E+03	1.92E+02	4.33E+03
16.5	141.76	6.76	7.16E+03	1.94E+02	4.36E+03
16.6	137.20	6.55	7.21E+03	1.95E+02	4.39E+03
16.7	132.76	6.33	7.26E+03	1.96E+02	4.42E+03
16.8	128.44	6.13	7.30E+03	1.97E+02	4.44E+03
16.9	124.25	5.93	7.35E+03	1.99E+02	4.47E+03
17.0	120.18	5.73	7.39E+03	2.00E+02	4.50E+03
17.1	116.23	5.54	7.43E+03	2.01E+02	4.52E+03
17.2	112.40	5.36	7.47E+03	2.02E+02	4.55E+03
17.3	108.69	5.19	7.51E+03	2.03E+02	4.57E+03
17.4	105.09	5.01	7.54E+03	2.04E+02	4.59E+03
17.5	101.62	4.85	7.58E+03	2.05E+02	4.61E+03
17.6	98.25	4.69	7.62E+03	2.06E+02	4.64E+03
17.7	95.00	4.53	7.65E+03	2.07E+02	4.66E+03
17.8	91.85	4.38	7.68E+03	2.08E+02	4.68E+03
17.9	88.81	4.24	7.72E+03	2.09E+02	4.70E+03
18.0	85.88	4.10	7.75E+03	2.09E+02	4.71E+03
18.1	83.05	3.96	7.78E+03	2.10E+02	4.73E+03
18.2	80.31	3.83	7.81E+03	2.11E+02	4.75E+03
18.3	77.68	3.71	7.84E+03	2.12E+02	4.77E+03
18.4	75.14	3.58	7.86E+03	2.13E+02	4.79E+03
18.5	72.69	3.47	7.89E+03	2.13E+02	4.80E+03
18.6	70.33	3.36	7.92E+03	2.14E+02	4.82E+03
18.7	68.06	3.25	7.94E+03	2.15E+02	4.83E+03
18.8	65.87	3.14	7.97E+03	2.15E+02	4.85E+03
18.9	63.76	3.04	7.99E+03	2.16E+02	4.86E+03
19.0	61.74	2.95	8.02E+03	2.17E+02	4.88E+03
19.1	59.79	2.85	8.04E+03	2.17E+02	4.89E+03
19.2	57.92	2.76	8.06E+03	2.18E+02	4.91E+03
19.3	56.12	2.68	8.08E+03	2.18E+02	4.92E+03
19.4	54.39	2.60	8.10E+03	2.19E+02	4.93E+03
19.5	52.74	2.52	8.12E+03	2.20E+02	4.94E+03
19.6	51.15	2.44	8.14E+03	2.20E+02	4.96E+03
19.7	49.62	2.37	8.16E+03	2.21E+02	4.97E+03
19.8	48.16	2.30	8.18E+03	2.21E+02	4.98E+03
19.9	46.75	2.23	8.20E+03	2.22E+02	4.99E+03
20.0	45.41	2.16	8.22E+03	2.22E+02	5.00E+03
20.1	44.12	2.10	8.24E+03	2.23E+02	5.01E+03
20.2	42.89	2.04	8.25E+03	2.23E+02	5.02E+03
20.3	41.72	1.99	8.27E+03	2.24E+02	5.03E+03
20.4	40.59	1.93	8.29E+03	2.24E+02	5.04E+03
20.5	39.52	1.88	8.30E+03	2.24E+02	5.05E+03
20.6	38.49	1.83	8.32E+03	2.25E+02	5.06E+03
20.7	37.51	1.79	8.33E+03	2.25E+02	5.07E+03
20.8	36.58	1.74	8.35E+03	2.26E+02	5.08E+03
20.9	35.69	1.70	8.36E+03	2.26E+02	5.09E+03
21.0	34.85	1.66	8.38E+03	2.26E+02	5.10E+03
21.1	34.05	1.62	8.39E+03	2.27E+02	5.11E+03
21.2	33.29	1.58	8.40E+03	2.27E+02	5.12E+03
21.3	32.57	1.55	8.42E+03	2.28E+02	5.12E+03
21.4	31.88	1.52	8.43E+03	2.28E+02	5.13E+03
21.5	31.24	1.49	8.44E+03	2.28E+02	5.14E+03
21.6	30.63	1.46	8.46E+03	2.29E+02	5.15E+03
21.7	30.05	1.43	8.47E+03	2.29E+02	5.15E+03
21.8	29.52	1.40	8.48E+03	2.29E+02	5.16E+03
21.9	29.01	1.38	8.50E+03	2.30E+02	5.17E+03
22.0	28.53	1.36	8.51E+03	2.30E+02	5.18E+03
22.1	28.09	1.34	8.52E+03	2.30E+02	5.18E+03
22.2	27.68	1.32	8.53E+03	2.31E+02	5.19E+03
22.3	27.30	1.30	8.54E+03	2.31E+02	5.20E+03
22.4	26.94	1.28	8.55E+03	2.31E+02	5.21E+03
22.5	26.62	1.27	8.57E+03	2.32E+02	5.21E+03
22.6	26.32	1.25	8.58E+03	2.32E+02	5.22E+03
22.7	26.05	1.24	8.59E+03	2.32E+02	5.23E+03
22.8	25.80	1.23	8.60E+03	2.32E+02	5.23E+03
22.9	25.58	1.22	8.61E+03	2.33E+02	5.24E+03
23.0	25.38	1.21	8.62E+03	2.33E+02	5.25E+03
23.1	25.21	1.20	8.63E+03	2.33E+02	5.25E+03
23.2	25.06	1.19	8.64E+03	2.34E+02	5.26E+03
23.3	24.94	1.19	8.66E+03	2.34E+02	5.27E+03
23.4	24.83	1.18	8.67E+03	2.34E+02	5.27E+03
23.5	24.75	1.18	8.68E+03	2.35E+02	5.28E+03
23.6	24.69	1.18	8.69E+03	2.35E+02	5.29E+03
23.7	24.65	1.17	8.70E+03	2.35E+02	5.29E+03
23.8	24.63	1.17	8.71E+03	2.35E+02	5.30E+03
23.9	24.62	1.17	8.72E+03	2.36E+02	5.31E+03
24.0	24.64	1.17	8.73E+03	2.36E+02	5.32E+03
24.1	24.68	1.17	8.74E+03	2.36E+02	5.32E+03
24.2	24.73	1.18	8.76E+03	2.37E+02	5.33E+03
24.3	24.80	1.18	8.77E+03	2.37E+02	5.34E+03
24.4	24.89	1.18	8.78E+03	2.37E+02	5.34E+03
24.5	25.00	1.19	8.79E+03	2.38E+02	5.35E+03
24.6	25.12	1.20	8.80E+03	2.38E+02	5.36E+03
24.7	25.25	1.20	8.81E+03	2.38E+02	5.36E+03
24.8	25.41	1.21	8.83E+03	2.39E+02	5.37E+03
24.9	25.57	1.22	8.84E+03	2.39E+02	5.38E+03
25.0	25.75	1.31	8.85E+03	2.39E+02	5.39E+03
25.1	25.95	1.32	8.86E+03	2.40E+02	5.39E+03
25.2	26.16	1.33	8.87E+03	2.40E+02	5.40E+03
25.3	26.38	1.34	8.89E+03	2.40E+02	5.41E+03
25.4	26.62	1.35	8.90E+03	2.41E+02	5.42E+03
25.5	26.87	1.36	8.91E+03	2.41E+02	5.42E+03
25.6	27.13	1.38	8.93E+03	2.41E+02	5.43E+03
25.7	27.40	1.39	8.94E+03	2.42E+02	5.44E+03
25.8	27.69	1.40	8.95E+03	2.42E+02	5.45E+03
25.9	27.98	1.42	8.96E+03	2.42E+02	5.46E+03
26.0	28.29	1.43	8.98E+03	2.43E+02	5.46E+03
26.1	28.60	1.45	8.99E+03	2.43E+02	5.47E+03
26.2	28.93	1.47	9.01E+03	2.43E+02	5.48E+03
26.3	29.26	1.48	9.02E+03	2.44E+02	5.49E+03
26.4	29.61	1.50	9.04E+03	2.44E+02	5.50E+03
26.5	29.96	1.52	9.05E+03	2.45E+02	5.51E+03
26.6	30.32	1.54	9.07E+03	2.45E+02	5.52E+03
26.7	30.69	1.56	9.08E+03	2.45E+02	5.53E+03
26.8	31.07	1.58	9.10E+03	2.46E+02	5.54E+03
26.9	31.45	1.60	9.11E+03	2.46E+02	5.54E+03
27.0	31.84	1.62	9.13E+03	2.47E+02	5.55E+03
27.1	32.24	1.64	9.14E+03	2.47E+02	5.56E+03
27.2	32.64	1.66	9.16E+03	2.48E+02	5.57E+03
27.3	33.04	1.68	9.18E+03	2.48E+02	5.58E+03
27.4	33.46	1.70	9.19E+03	2.48E+02	5.59E+03
27.5	33.87	1.72	9.21E+03	2.49E+02	5.60E+03
27.6	34.30	1.74	9.23E+03	2.49E+02	5.62E+03
27.7	34.72	1.76	9.25E+03	2.50E+02	5.63E+03
27.8	35.15	1.78	9.26E+03	2.50E+02	5.64E+03
27.9	35.58	1.80	9.28E+03	2.51E+02	5.65E+03
28.0	36.01	1.83	9.30E+03	2.51E+02	5.66E+03
28.1	36.45	1.85	9.32E+03	2.52E+02	5.67E+03
28.2	36.89	1.87	9.34E+03	2.52E+02	5.68E+03
28.3	37.33	1.89	9.36E+03	2.53E+02	5.69E+03
28.4	37.76	1.92	9.37E+03	2.53E+02	5.71E+03
28.5	38.20	1.94	9.40E+03	2.54E+02	5.72E+03
28.6	38.64	1.96	9.42E+03	2.54E+02	5.73E+03
28.7	39.08	1.98	9.44E+03	2.55E+02	5.74E+03
28.8	39.52	2.00	9.46E+03	2.56E+02	5.76E+03
28.9	39.96	2.03	9.48E+03	2.56E+02	5.77E+03
29.0	40.39	2.05	9.50E+03	2.57E+02	5.78E+03
29.1	40.82	2.07	9.52E+03	2.57E+02	5.79E+03
29.2	41.25	2.09	9.54E+03	2.58E+02	5.81E+03
29.3	41.68	2.11	9.56E+03	2.58E+02	5.82E+03
29.4	42.10	2.14	9.59E+03	2.59E+02	5.83E+03
29.5	42.52	2.16	9.61E+03	2.60E+02	5.85E+03
29.6	42.93	2.18	9.63E+03	2.60E+02	5.86E+03
29.7	43.34	2.20	9.65E+03	2.61E+02	5.88E+03
29.8	43.75	2.22	9.68E+03	2.62E+02	5.89E+03
29.9	44.15	2.24	9.70E+03	2.62E+02	5.90E+03
30.0	44.54	2.28	9.73E+03	2.63E+02	5.92E+03
30.1	44.93	2.30	9.75E+03	2.64E+02	5.93E+03
30.2	45.31	2.32	9.77E+03	2.64E+02	5.95E+03
30.3	45.68	2.34	9.80E+03	2.65E+02	5.96E+03
30.4	46.04	2.36	9.82E+03	2.66E+02	5.98E+03
30.5	46.40	2.37	9.85E+03	2.66E+02	5.99E+03
30.6	46.75	2.39	9.88E+03	2.67E+02	6.01E+03
30.7	47.09	2.41	9.90E+03	2.68E+02	6.03E+03
30.8	47.43	2.43	9.93E+03	2.68E+02	6.04E+03
30.9	47.75	2.44	9.95E+03	2.69E+02	6.06E+03
31.0	48.07	2.46	9.98E+03	2.70E+02	6.07E+03
31.1	48.37	2.47	1.00E+04	2.70E+02	6.09E+03
31.2	48.67	2.49	1.00E+04	2.71E+02	6.11E+03
31.3	48.96	2.50	1.01E+04	2.72E+02	6.12E+03
31.4	49.23	2.52	1.01E+04	2.73E+02	6.14E+03
31.5	49.50	2.53	1.01E+04	2.73E+02	6.16E+03
31.6	49.76	2.55	1.01E+04	2.74E+02	6.17E+03
31.7	50.00	2.56	1.02E+04	2.75E+02	6.19E+03
31.8	50.23	2.57	1.02E+04	2.76E+02	6.21E+03
31.9	50.46	2.58	1.02E+04	2.76E+02	6.23E+03
32.0	50.67	2.59	1.03E+04	2.77E+02	6.24E+03
32.1	50.87	2.60	1.03E+04	2.78E+02	6.26E+03
32.2	51.06	2.61	1.03E+04	2.79E+02	6.28E+03
32.3	51.24	2.62	1.03E+04	2.80E+02	6.30E+03
32.4	51.40	2.63	1.04E+04	2.80E+02	6.31E+03
32.5	51.56	2.64	1.04E+04	2.81E+02	6.33E+03
32.6	51.70	2.65	1.04E+04	2.82E+02	6.35E+03
32.7	51.84	2.65	1.05E+04	2.83E+02	6.37E+03
32.8	51.96	2.66	1.05E+04	2.84E+02	6.39E+03
32.9	52.07	2.66	1.05E+04	2.84E+02	6.40E+03
33.0	52.17	2.67	1.06E+04	2.85E+02	6.42E+03
33.1	52.26	2.67	1.06E+04	2.86E+02	6.44E+03
33.2	52.33	2.68	1.06E+04	2.87E+02	6.46E+03
33.3	52.40	2.68	1.06E+04	2.88E+02	6.48E+03
33.4	52.46	2.68	1.07E+04	2.89E+02	6.50E+03
33.5	52.50	2.69	1.07E+04	2.89E+02	6.52E+03
33.6	52.53	2.69	1.07E+04	2.90E+02	6.53E+03
33.7	52.56	2.69	1.08E+04	2.91E+02	6.55E+03
33.8	52.57	2.69	1.08E+04	2.92E+02	6.57E+03
33.9	52.57	2.69	1.08E+04	2.93E+02	6.59E+03
34.0	52.57	2.69	1.09E+04	2.94E+02	6.61E+03
34.1	52.55	2.69	1.09E+04	2.94E+02	6.63E+03
34.2	52.52	2.69	1.09E+04	2.95E+02	6.65E+03
34.3	52.48	2.69	1.10E+04	2.96E+02	6.67E+03
34.4	52.43	2.68	1.10E+04	2.97E+02	6.69E+03
34.5	52.37	2.68	1.10E+04	2.98E+02	6.71E+03
34.6	52.31	2.68	1.11E+04	2.99E+02	6.73E+03
34.7	52.23	2.67	1.11E+04	3.00E+02	6.74E+03
34.8	52.14	2.67	1.11E+04	3.00E+02	6.76E+03
34.9	52.05	2.66	1.11E+04	3.01E+02	6.78E+03
35.0	51.95	2.60	1.12E+04	3.02E+02	6.80E+03
35.1	51.84	2.60	1.12E+04	3.03E+02	6.82E+03
35.2	51.72	2.59	1.12E+04	3.04E+02	6.84E+03
35.3	51.59	2.59	1.13E+04	3.05E+02	6.86E+03
35.4	51.46	2.58	1.13E+04	3.06E+02	6.88E+03
35.5	51.31	2.57	1.13E+04	3.06E+02	6.90E+03
35.6	51.17	2.56	1.14E+04	3.07E+02	6.92E+03
35.7	51.01	2.56	1.14E+04	3.08E+02	6.94E+03
35.8	50.85	2.55	1.14E+04	3.09E+02	6.96E+03
35.9	50.68	2.54	1.15E+04	3.10E+02	6.98E+03
36.0	50.51	2.53	1.15E+04	3.11E+02	6.99E+03
36.1	50.33	2.52	1.15E+04	3.11E+02	7.01E+03
36.2	50.14	2.51	1.16E+04	3.12E+02	7.03E+03
36.3	49.95	2.50	1.16E+04	3.13E+02	7.05E+03
36.4	49.75	2.49	1.16E+04	3.14E+02	7.07E+03
36.5	49.55	2.48	1.16E+04	3.15E+02	7.09E+03
36.6	49.34	2.47	1.17E+04	3.16E+02	7.11E+03
36.7	49.13	2.46	1.17E+04	3.17E+02	7.13E+03
36.8	48.91	2.45	1.17E+04	3.17E+02	7.15E+03
36.9	48.69	2.44	1.18E+04	3.18E+02	7.16E+03
37.0	48.47	2.43	1.18E+04	3.19E+02	7.18E+03
37.1	48.24	2.42	1.18E+04	3.20E+02	7.20E+03
37.2	48.01	2.41	1.19E+04	3.21E+02	7.22E+03
37.3	47.77	2.39	1.19E+04	3.22E+02	7.24E+03
37.4	47.53	2.38	1.19E+04	3.22E+02	7.26E+03
37.5	47.29	2.37	1.20E+04	3.23E+02	7.28E+03
37.6	47.05	2.36	1.20E+04	3.24E+02	7.30E+03
37.7	46.80	2.35	1.20E+04	3.25E+02	7.31E+03
37.8	46.55	2.33	1.20E+04	3.26E+02	7.33E+03
37.9	46.30	2.32	1.21E+04	3.26E+02	7.35E+03
38.0	46.05	2.31	1.21E+04	3.27E+02	7.37E+03
38.1	45.79	2.29	1.21E+04	3.28E+02	7.39E+03
38.2	45.53	2.28	1.22E+04	3.29E+02	7.40E+03
38.3	45.27	2.27	1.22E+04	3.30E+02	7.42E+03
38.4	45.01	2.26	1.22E+04	3.30E+02	7.44E+03
38.5	44.75	2.24	1.23E+04	3.31E+02	7.46E+03
38.6	44.49	2.23	1.23E+04	3.32E+02	7.48E+03
38.7	44.22	2.22	1.23E+04	3.33E+02	7.49E+03
38.8	43.96	2.20	1.23E+04	3.34E+02	7.51E+03
38.9	43.69	2.19	1.24E+04	3.34E+02	7.53E+03
39.0	43.42	2.18	1.24E+04	3.35E+02	7.55E+03
39.1	43.15	2.16	1.24E+04	3.36E+02	7.56E+03
39.2	42.89	2.15	1.25E+04	3.37E+02	7.58E+03
39.3	42.62	2.14	1.25E+04	3.37E+02	7.60E+03
39.4	42.35	2.12	1.25E+04	3.38E+02	7.62E+03
39.5	42.08	2.11	1.25E+04	3.39E+02	7.63E+03
39.6	41.81	2.10	1.26E+04	3.40E+02	7.65E+03
39.7	41.54	2.08	1.26E+04	3.41E+02	7.67E+03
39.8	41.27	2.07	1.26E+04	3.41E+02	7.68E+03
39.9	41.00	2.06	1.27E+04	3.42E+02	7.70E+03
40.0	40.73	2.01	1.27E+04	3.43E+02	7.72E+03
40.1	40.47	1.99	1.27E+04	3.44E+02	7.73E+03
40.2	40.20	1.98	1.27E+04	3.44E+02	7.75E+03
40.3	39.93	1.97	1.28E+04	3.45E+02	7.77E+03
40.4	39.67	1.95	1.28E+04	3.46E+02	7.78E+03
40.5	39.40	1.94	1.28E+04	3.46E+02	7.80E+03
40.6	39.14	1.93	1.28E+04	3.47E+02	7.82E+03
40.7	38.87	1.91	1.29E+04	3.48E+02	7.83E+03
40.8	38.61	1.90	1.29E+04	3.49E+02	7.85E+03
40.9	38.35	1.89	1.29E+04	3.49E+02	7.87E+03
41.0	38.09	1.88	1.30E+04	3.50E+02	7.88E+03
41.1	37.83	1.86	1.30E+04	3.51E+02	7.90E+03
41.2	37.57	1.85	1.30E+04	3.51E+02	7.91E+03
41.3	37.31	1.84	1.30E+04	3.52E+02	7.93E+03
41.4	37.06	1.82	1.31E+04	3.53E+02	7.95E+03
41.5	36.80	1.81	1.31E+04	3.54E+02	7.96E+03
41.6	36.55	1.80	1.31E+04	3.54E+02	7.98E+03
41.7	36.29	1.79	1.31E+04	3.55E+02	7.99E+03
41.8	36.04	1.77	1.32E+04	3.56E+02	8.01E+03
41.9	35.79	1.76	1.32E+04	3.56E+02	8.02E+03
42.0	35.55	1.75	1.32E+04	3.57E+02	8.04E+03
42.1	35.30	1.74	1.32E+04	3.58E+02	8.05E+03
42.2	35.05	1.73	1.33E+04	3.58E+02	8.07E+03
42.3	34.81	1.71	1.33E+04	3.59E+02	8.08E+03
42.4	34.57	1.70	1.33E+04	3.60E+02	8.10E+03
42.5	34.33	1.69	1.33E+04	3.60E+02	8.11E+03
42.6	34.09	1.68	1.34E+04	3.61E+02	8.13E+03
42.7	33.85	1.67	1.34E+04	3.62E+02	8.14E+03
42.8	33.62	1.65	1.34E+04	3.62E+02	8.16E+03
42.9	33.38	1.64	1.34E+04	3.63E+02	8.17E+03
43.0	33.15	1.63	1.35E+04	3.64E+02	8.19E+03
43.1	32.92	1.62	1.35E+04	3.64E+02	8.20E+03
43.2	32.69	1.61	1.35E+04	3.65E+02	8.21E+03
43.3	32.46	1.60	1.35E+04	3.65E+02	8.23E+03
43.4	32.24	1.59	1.35E+04	3.66E+02	8.24E+03
43.5	32.01	1.58	1.36E+04	3.67E+02	8.26E+03
43.6	31.79	1.57	1.36E+04	3.67E+02	8.27E+03
43.7	31.57	1.55	1.36E+04	3.68E+02	8.29E+03
43.8	31.35	1.54	1.36E+04	3.69E+02	8.30E+03
43.9	31.13	1.53	1.37E+04	3.69E+02	8.31E+03
44.0	30.92	1.52	1.37E+04	3.70E+02	8.33E+03
44.1	30.70	1.51	1.37E+04	3.70E+02	8.34E+03
44.2	30.49	1.50	1.37E+04	3.71E+02	8.35E+03
44.3	30.28	1.49	1.37E+04	3.72E+02	8.37E+03
44.4	30.07	1.48	1.38E+04	3.72E+02	8.38E+03
44.5	29.87	1.47	1.38E+04	3.73E+02	8.39E+03
44.6	29.66	1.46	1.38E+04	3.73E+02	8.41E+03
44.7	29.46	1.45	1.38E+04	3.74E+02	8.42E+03
44.8	29.26	1.44	1.39E+04	3.75E+02	8.43E+03
44.9	29.06	1.43	1.39E+04	3.75E+02	8.45E+03
45.0	28.86	1.42	1.39E+04	3.76E+02	8.46E+03
45.1	28.66	1.41	1.39E+04	3.76E+02	8.47E+03
45.2	28.47	1.40	1.39E+04	3.77E+02	8.49E+03
45.3	28.28	1.39	1.40E+04	3.77E+02	8.50E+03
45.4	28.08	1.38	1.40E+04	3.78E+02	8.51E+03
45.5	27.89	1.37	1.40E+04	3.79E+02	8.53E+03
45.6	27.71	1.36	1.40E+04	3.79E+02	8.54E+03
45.7	27.52	1.35	1.40E+04	3.80E+02	8.55E+03
45.8	27.34	1.35	1.41E+04	3.80E+02	8.56E+03
45.9	27.15	1.34	1.41E+04	3.81E+02	8.58E+03
46.0	26.97	1.33	1.41E+04	3.81E+02	8.59E+03
46.1	26.79	1.32	1.41E+04	3.82E+02	8.60E+03
46.2	26.61	1.31	1.42E+04	3.82E+02	8.61E+03
46.3	26.44	1.30	1.42E+04	3.83E+02	8.62E+03
46.4	26.26	1.29	1.42E+04	3.84E+02	8.64E+03
46.5	26.09	1.28	1.42E+04	3.84E+02	8.65E+03
46.6	25.92	1.28	1.42E+04	3.85E+02	8.66E+03
46.7	25.75	1.27	1.43E+04	3.85E+02	8.67E+03
46.8	25.58	1.26	1.43E+04	3.86E+02	8.69E+03
46.9	25.41	1.25	1.43E+04	3.86E+02	8.70E+03
47.0	25.25	1.24	1.43E+04	3.87E+02	8.71E+03
47.1	25.08	1.23	1.43E+04	3.87E+02	8.72E+03
47.2	24.92	1.23	1.43E+04	3.88E+02	8.73E+03
47.3	24.76	1.22	1.44E+04	3.88E+02	8.74E+03
47.4	24.60	1.21	1.44E+04	3.89E+02	8.76E+03
47.5	24.45	1.20	1.44E+04	3.89E+02	8.77E+03
47.6	24.29	1.20	1.44E+04	3.90E+02	8.78E+03
47.7	24.13	1.19	1.44E+04	3.90E+02	8.79E+03
47.8	23.98	1.18	1.45E+04	3.91E+02	8.80E+03
47.9	23.83	1.17	1.45E+04	3.91E+02	8.81E+03
48.0	23.68	1.17	1.45E+04	3.92E+02	8.82E+03
48.1	23.53	1.16	1.45E+04	3.92E+02	8.84E+03
48.2	23.38	1.15	1.45E+04	3.93E+02	8.85E+03
48.3	23.24	1.14	1.46E+04	3.93E+02	8.86E+03
48.4	23.09	1.14	1.46E+04	3.94E+02	8.87E+03
48.5	22.95	1.13	1.46E+04	3.94E+02	8.88E+03
48.6	22.81	1.12	1.46E+04	3.95E+02	8.89E+03
48.7	22.67	1.12	1.46E+04	3.95E+02	8.90E+03
48.8	22.53	1.11	1.46E+04	3.96E+02	8.91E+03
48.9	22.39	1.10	1.47E+04	3.96E+02	8.92E+03
49.0	22.25	1.10	1.47E+04	3.97E+02	8.94E+03
49.1	22.12	1.09	1.47E+04	3.97E+02	8.95E+03
49.2	21.98	1.08	1.47E+04	3.98E+02	8.96E+03
49.3	21.85	1.08	1.47E+04	3.98E+02	8.97E+03
49.4	21.72	1.07	1.48E+04	3.99E+02	8.98E+03
49.5	21.59	1.06	1.48E+04	3.99E+02	8.99E+03
49.6	21.46	1.06	1.48E+04	4.00E+02	9.00E+03
49.7	21.33	1.05	1.48E+04	4.00E+02	9.01E+03
49.8	21.21	1.04	1.48E+04	4.01E+02	9.02E+03
49.9	21.08	1.04	1.48E+04	4.01E+02	9.03E+03
50.0	20.96	1.00	1.49E+04	4.01E+02	9.04E+03
50.1	20.83	0.99	1.49E+04	4.02E+02	9.05E+03
50.2	20.71	0.99	1.49E+04	4.02E+02	9.06E+03
50.3	20.59	0.98	1.49E+04	4.03E+02	9.07E+03
50.4	20.47	0.98	1.49E+04	4.03E+02	9.08E+03
50.5	20.35	0.97	1.49E+04	4.04E+02	9.09E+03
50.6	20.24	0.97	1.50E+04	4.04E+02	9.10E+03
50.7	20.12	0.96	1.50E+04	4.05E+02	9.11E+03
50.8	20.00	0.95	1.50E+04	4.05E+02	9.12E+03
50.9	19.89	0.95	1.50E+04	4.06E+02	9.13E+03
51.0	19.78	0.94	1.50E+04	4.06E+02	9.14E+03
51.1	19.67	0.94	1.50E+04	4.06E+02	9.15E+03
51.2	19.56	0.93	1.51E+04	4.07E+02	9.16E+03
51.3	19.45	0.93	1.51E+04	4.07E+02	9.17E+03
51.4	19.34	0.92	1.51E+04	4.08E+02	9.18E+03
51.5	19.23	0.92	1.51E+04	4.08E+02	9.19E+03
51.6	19.12	0.91	1.51E+04	4.09E+02	9.20E+03
51.7	19.02	0.91	1.51E+04	4.09E+02	9.21E+03
51.8	18.91	0.90	1.51E+04	4.09E+02	9.22E+03
51.9	18.81	0.90	1.52E+04	4.10E+02	9.23E+03
52.0	18.71	0.89	1.52E+04	4.10E+02	9.24E+03
52.1	18.61	0.89	1.52E+04	4.11E+02	9.25E+03
52.2	18.50	0.88	1.52E+04	4.11E+02	9.26E+03
52.3	18.40	0.88	1.52E+04	4.12E+02	9.27E+03
52.4	18.31	0.87	1.52E+04	4.12E+02	9.28E+03
52.5	18.21	0.87	1.53E+04	4.12E+02	9.29E+03
52.6	18.11	0.86	1.53E+04	4.13E+02	9.30E+03
52.7	18.02	0.86	1.53E+04	4.13E+02	9.30E+03
52.8	17.92	0.85	1.53E+04	4.14E+02	9.31E+03
52.9	17.83	0.85	1.53E+04	4.14E+02	9.32E+03
53.0	17.73	0.85	1.53E+04	4.14E+02	9.33E+03
53.1	17.64	0.84	1.53E+04	4.15E+02	9.34E+03
53.2	17.55	0.84	1.54E+04	4.15E+02	9.35E+03
53.3	17.46	0.83	1.54E+04	4.16E+02	9.36E+03
53.4	17.37	0.83	1.54E+04	4.16E+02	9.37E+03
53.5	17.28	0.82	1.54E+04	4.16E+02	9.38E+03
53.6	17.19	0.82	1.54E+04	4.17E+02	9.39E+03
53.7	17.11	0.82	1.54E+04	4.17E+02	9.40E+03
53.8	17.02	0.81	1.55E+04	4.18E+02	9.40E+03
53.9	16.93	0.81	1.55E+04	4.18E+02	9.41E+03
54.0	16.85	0.80	1.55E+04	4.18E+02	9.42E+03
54.1	16.76	0.80	1.55E+04	4.19E+02	9.43E+03
54.2	16.68	0.80	1.55E+04	4.19E+02	9.44E+03
54.3	16.60	0.79	1.55E+04	4.20E+02	9.45E+03
54.4	16.52	0.79	1.55E+04	4.20E+02	9.46E+03
54.5	16.44	0.78	1.56E+04	4.20E+02	9.47E+03
54.6	16.36	0.78	1.56E+04	4.21E+02	9.48E+03
54.7	16.28	0.78	1.56E+04	4.21E+02	9.48E+03
54.8	16.20	0.77	1.56E+04	4.22E+02	9.49E+03
54.9	16.12	0.77	1.56E+04	4.22E+02	9.50E+03
55.0	16.04	0.77	1.56E+04	4.22E+02	9.51E+03
55.1	15.97	0.76	1.56E+04	4.23E+02	9.52E+03
55.2	15.89	0.76	1.57E+04	4.23E+02	9.53E+03
55.3	15.82	0.75	1.57E+04	4.23E+02	9.54E+03
55.4	15.74	0.75	1.57E+04	4.24E+02	9.54E+03
55.5	15.67	0.75	1.57E+04	4.24E+02	9.55E+03
55.6	15.59	0.74	1.57E+04	4.25E+02	9.56E+03
55.7	15.52	0.74	1.57E+04	4.25E+02	9.57E+03
55.8	15.45	0.74	1.57E+04	4.25E+02	9.58E+03
55.9	15.38	0.73	1.58E+04	4.26E+02	9.59E+03
56.0	15.31	0.73	1.58E+04	4.26E+02	9.59E+03
56.1	15.24	0.73	1.58E+04	4.26E+02	9.60E+03
56.2	15.17	0.72	1.58E+04	4.27E+02	9.61E+03
56.3	15.10	0.72	1.58E+04	4.27E+02	9.62E+03
56.4	15.03	0.72	1.58E+04	4.28E+02	9.63E+03
56.5	14.96	0.71	1.58E+04	4.28E+02	9.63E+03
56.6	14.90	0.71	1.58E+04	4.28E+02	9.64E+03
56.7	14.83	0.71	1.59E+04	4.29E+02	9.65E+03
56.8	14.77	0.70	1.59E+04	4.29E+02	9.66E+03
56.9	14.70	0.70	1.59E+04	4.29E+02	9.67E+03
57.0	14.64	0.70	1.59E+04	4.30E+02	9.68E+03
57.1	14.57	0.70	1.59E+04	4.30E+02	9.68E+03
57.2	14.51	0.69	1.59E+04	4.30E+02	9.69E+03
57.3	14.45	0.69	1.59E+04	4.31E+02	9.70E+03
57.4	14.38	0.69	1.60E+04	4.31E+02	9.71E+03
57.5	14.32	0.68	1.60E+04	4.31E+02	9.72E+03
57.6	14.26	0.68	1.60E+04	4.32E+02	9.72E+03
57.7	14.20	0.68	1.60E+04	4.32E+02	9.73E+03
57.8	14.14	0.67	1.60E+04	4.32E+02	9.74E+03
57.9	14.08	0.67	1.60E+04	4.33E+02	9.75E+03
58.0	14.02	0.67	1.60E+04	4.33E+02	9.75E+03
58.1	13.96	0.67	1.60E+04	4.34E+02	9.76E+03
58.2	13.91	0.66	1.61E+04	4.34E+02	9.77E+03
58.3	13.85	0.66	1.61E+04	4.34E+02	9.78E+03
58.4	13.79	0.66	1.61E+04	4.35E+02	9.79E+03
58.5	13.74	0.66	1.61E+04	4.35E+02	9.79E+03
58.6	13.68	0.65	1.61E+04	4.35E+02	9.80E+03
58.7	13.62	0.65	1.61E+04	4.36E+02	9.81E+03
58.8	13.57	0.65	1.61E+04	4.36E+02	9.82E+03
58.9	13.52	0.64	1.61E+04	4.36E+02	9.82E+03
59.0	13.46	0.64	1.62E+04	4.37E+02	9.83E+03
59.1	13.41	0.64	1.62E+04	4.37E+02	9.84E+03
59.2	13.35	0.64	1.62E+04	4.37E+02	9.85E+03
59.3	13.30	0.63	1.62E+04	4.38E+02	9.85E+03
59.4	13.25	0.63	1.62E+04	4.38E+02	9.86E+03
59.5	13.20	0.63	1.62E+04	4.38E+02	9.87E+03
59.6	13.15	0.63	1.62E+04	4.39E+02	9.88E+03
59.7	13.10	0.62	1.62E+04	4.39E+02	9.88E+03
59.8	13.05	0.62	1.63E+04	4.39E+02	9.89E+03
59.9	13.00	0.62	1.63E+04	4.40E+02	9.90E+03
60.0	12.95	0.62	1.63E+04	4.40E+02	9.91E+03
60.1	12.90	0.62	1.63E+04	4.40E+02	9.91E+03
60.2	12.85	0.62	1.63E+04	4.41E+02	9.92E+03
60.3	12.80	0.62	1.63E+04	4.41E+02	9.93E+03
60.4	12.75	0.61	1.63E+04	4.41E+02	9.94E+03
60.5	12.71	0.61	1.63E+04	4.42E+02	9.94E+03
60.6	12.66	0.61	1.64E+04	4.42E+02	9.95E+03
60.7	12.61	0.61	1.64E+04	4.42E+02	9.96E+03
60.8	12.57	0.61	1.64E+04	4.43E+02	9.97E+03
60.9	12.52	0.60	1.64E+04	4.43E+02	9.97E+03
61.0	12.47	0.60	1.64E+04	4.43E+02	9.98E+03
61.1	12.43	0.60	1.64E+04	4.44E+02	9.99E+03
61.2	12.38	0.60	1.64E+04	4.44E+02	9.99E+03
61.3	12.34	0.59	1.64E+04	4.44E+02	1.00E+04
61.4	12.30	0.59	1.64E+04	4.44E+02	1.00E+04
61.5	12.25	0.59	1.65E+04	4.45E+02	1.00E+04
61.6	12.21	0.59	1.65E+04	4.45E+02	1.00E+04
61.7	12.17	0.59	1.65E+04	4.45E+02	1.00E+04
61.8	12.12	0.58	1.65E+04	4.46E+02	1.00E+04
61.9	12.08	0.58	1.65E+04	4.46E+02	1.00E+04
62.0	12.04	0.58	1.65E+04	4.46E+02	1.01E+04
62.1	12.00	0.58	1.65E+04	4.47E+02	1.01E+04
62.2	11.96	0.58	1.65E+04	4.47E+02	1.01E+04
62.3	11.92	0.57	1.66E+04	4.47E+02	1.01E+04
62.4	11.88	0.57	1.66E+04	4.48E+02	1.01E+04
62.5	11.84	0.57	1.66E+04	4.48E+02	1.01E+04
62.6	11.80	0.57	1.66E+04	4.48E+02	1.01E+04
62.7	11.76	0.57	1.66E+04	4.49E+02	1.01E+04
62.8	11.72	0.56	1.66E+04	4.49E+02	1.01E+04
62.9	11.68	0.56	1.66E+04	4.49E+02	1.01E+04
63.0	11.64	0.56	1.66E+04	4.49E+02	1.01E+04
63.1	11.60	0.56	1.66E+04	4.50E+02	1.01E+04
63.2	11.56	0.56	1.67E+04	4.50E+02	1.01E+04
63.3	11.53	0.56	1.67E+04	4.50E+02	1.01E+04
63.4	11.49	0.55	1.67E+04	4.51E+02	1.01E+04
63.5	11.45	0.55	1.67E+04	4.51E+02	1.02E+04
63.6	11.42	0.55	1.67E+04	4.51E+02	1.02E+04
63.7	11.38	0.55	1.67E+04	4.52E+02	1.02E+04
63.8	11.34	0.55	1.67E+04	4.52E+02	1.02E+04
63.9	11.31	0.55	1.67E+04	4.52E+02	1.02E+04
64.0	11.27	0.54	1.67E+04	4.53E+02	1.02E+04
64.1	11.24	0.54	1.68E+04	4.53E+02	1.02E+04
64.2	11.20	0.54	1.68E+04	4.53E+02	1.02E+04
64.3	11.17	0.54	1.68E+04	4.53E+02	1.02E+04
64.4	11.13	0.54	1.68E+04	4.54E+02	1.02E+04
64.5	11.10	0.54	1.68E+04	4.54E+02	1.02E+04
64.6	11.07	0.53	1.68E+04	4.54E+02	1.02E+04
64.7	11.03	0.53	1.68E+04	4.55E+02	1.02E+04
64.8	11.00	0.53	1.68E+04	4.55E+02	1.02E+04
64.9	10.97	0.53	1.68E+04	4.55E+02	1.03E+04
65.0	10.93	0.53	1.69E+04	4.56E+02	1.03E+04
65.1	10.90	0.53	1.69E+04	4.56E+02	1.03E+04
65.2	10.87	0.52	1.69E+04	4.56E+02	1.03E+04
65.3	10.84	0.52	1.69E+04	4.56E+02	1.03E+04
65.4	10.81	0.52	1.69E+04	4.57E+02	1.03E+04
65.5	10.77	0.52	1.69E+04	4.57E+02	1.03E+04
65.6	10.74	0.52	1.69E+04	4.57E+02	1.03E+04
65.7	10.71	0.52	1.69E+04	4.58E+02	1.03E+04
65.8	10.68	0.51	1.69E+04	4.58E+02	1.03E+04
65.9	10.65	0.51	1.70E+04	4.58E+02	1.03E+04
66.0	10.62	0.51	1.70E+04	4.58E+02	1.03E+04
66.1	10.59	0.51	1.70E+04	4.59E+02	1.03E+04
66.2	10.56	0.51	1.70E+04	4.59E+02	1.03E+04
66.3	10.53	0.51	1.70E+04	4.59E+02	1.03E+04
66.4	10.50	0.51	1.70E+04	4.60E+02	1.04E+04
66.5	10.47	0.50	1.70E+04	4.60E+02	1.04E+04
66.6	10.44	0.50	1.70E+04	4.60E+02	1.04E+04
66.7	10.42	0.50	1.70E+04	4.61E+02	1.04E+04
66.8	10.39	0.50	1.71E+04	4.61E+02	1.04E+04
66.9	10.36	0.50	1.71E+04	4.61E+02	1.04E+04
67.0	10.33	0.50	1.71E+04	4.61E+02	1.04E+04
67.1	10.30	0.50	1.71E+04	4.62E+02	1.04E+04
67.2	10.28	0.50	1.71E+04	4.62E+02	1.04E+04
67.3	10.25	0.49	1.71E+04	4.62E+02	1.04E+04
67.4	10.22	0.49	1.71E+04	4.63E+02	1.04E+04
67.5	10.19	0.49	1.71E+04	4.63E+02	1.04E+04
67.6	10.17	0.49	1.71E+04	4.63E+02	1.04E+04
67.7	10.14	0.49	1.71E+04	4.63E+02	1.04E+04
67.8	10.12	0.49	1.72E+04	4.64E+02	1.04E+04
67.9	10.09	0.49	1.72E+04	4.64E+02	1.04E+04
68.0	10.06	0.49	1.72E+04	4.64E+02	1.05E+04
68.1	10.04	0.48	1.72E+04	4.65E+02	1.05E+04
68.2	10.01	0.48	1.72E+04	4.65E+02	1.05E+04
68.3	9.99	0.48	1.72E+04	4.65E+02	1.05E+04
68.4	9.96	0.48	1.72E+04	4.65E+02	1.05E+04
68.5	9.94	0.48	1.72E+04	4.66E+02	1.05E+04
68.6	9.91	0.48	1.72E+04	4.66E+02	1.05E+04
68.7	9.89	0.48	1.73E+04	4.66E+02	1.05E+04
68.8	9.86	0.48	1.73E+04	4.67E+02	1.05E+04
68.9	9.84	0.47	1.73E+04	4.67E+02	1.05E+04
69.0	9.82	0.47	1.73E+04	4.67E+02	1.05E+04
69.1	9.79	0.47	1.73E+04	4.67E+02	1.05E+04
69.2	9.77	0.47	1.73E+04	4.68E+02	1.05E+04
69.3	9.75	0.47	1.73E+04	4.68E+02	1.05E+04
69.4	9.72	0.47	1.73E+04	4.68E+02	1.05E+04
69.5	9.70	0.47	1.73E+04	4.68E+02	1.05E+04
69.6	9.68	0.47	1.73E+04	4.69E+02	1.06E+04
69.7	9.65	0.47	1.74E+04	4.69E+02	1.06E+04
69.8	9.63	0.46	1.74E+04	4.69E+02	1.06E+04
69.9	9.61	0.46	1.74E+04	4.70E+02	1.06E+04
70.0	9.59	0.46	1.74E+04	4.70E+02	1.06E+04
70.1	9.56	0.46	1.74E+04	4.70E+02	1.06E+04
70.2	9.54	0.46	1.74E+04	4.70E+02	1.06E+04
70.3	9.52	0.46	1.74E+04	4.71E+02	1.06E+04
70.4	9.50	0.46	1.74E+04	4.71E+02	1.06E+04
70.5	9.48	0.46	1.74E+04	4.71E+02	1.06E+04
70.6	9.46	0.46	1.74E+04	4.72E+02	1.06E+04
70.7	9.44	0.45	1.75E+04	4.72E+02	1.06E+04
70.8	9.41	0.45	1.75E+04	4.72E+02	1.06E+04
70.9	9.39	0.45	1.75E+04	4.72E+02	1.06E+04
71.0	9.37	0.45	1.75E+04	4.73E+02	1.06E+04
71.1	9.35	0.45	1.75E+04	4.73E+02	1.06E+04
71.2	9.33	0.45	1.75E+04	4.73E+02	1.07E+04
71.3	9.31	0.45	1.75E+04	4.73E+02	1.07E+04
71.4	9.29	0.45	1.75E+04	4.74E+02	1.07E+04
71.5	9.27	0.45	1.75E+04	4.74E+02	1.07E+04
71.6	9.25	0.45	1.75E+04	4.74E+02	1.07E+04
71.7	9.23	0.45	1.76E+04	4.75E+02	1.07E+04
71.8	9.21	0.44	1.76E+04	4.75E+02	1.07E+04
71.9	9.19	0.44	1.76E+04	4.75E+02	1.07E+04
72.0	9.18	0.44	1.76E+04	4.75E+02	1.07E+04
72.1	9.16	0.44	1.76E+04	4.76E+02	1.07E+04
72.2	9.14	0.44	1.76E+04	4.76E+02	1.07E+04
72.3	9.12	0.44	1.76E+04	4.76E+02	1.07E+04
72.4	9.10	0.44	1.76E+04	4.76E+02	1.07E+04
72.5	9.08	0.44	1.76E+04	4.77E+02	1.07E+04
72.6	9.06	0.44	1.76E+04	4.77E+02	1.07E+04
72.7	9.04	0.44	1.77E+04	4.77E+02	1.07E+04
72.8	9.03	0.44	1.77E+04	4.78E+02	1.08E+04
72.9	9.01	0.43	1.77E+04	4.78E+02	1.08E+04
73.0	8.99	0.43	1.77E+04	4.78E+02	1.08E+04
73.1	8.97	0.43	1.77E+04	4.78E+02	1.08E+04
73.2	8.96	0.43	1.77E+04	4.79E+02	1.08E+04
73.3	8.94	0.43	1.77E+04	4.79E+02	1.08E+04
73.4	8.92	0.43	1.77E+04	4.79E+02	1.08E+04
73.5	8.90	0.43	1.77E+04	4.79E+02	1.08E+04
73.6	8.89	0.43	1.77E+04	4.80E+02	1.08E+04
73.7	8.87	0.43	1.78E+04	4.80E+02	1.08E+04
73.8	8.85	0.43	1.78E+04	4.80E+02	1.08E+04
73.9	8.84	0.43	1.78E+04	4.80E+02	1.08E+04
74.0	8.82	0.43	1.78E+04	4.81E+02	1.08E+04
74.1	8.80	0.42	1.78E+04	4.81E+02	1.08E+04
74.2	8.79	0.42	1.78E+04	4.81E+02	1.08E+04
74.3	8.77	0.42	1.78E+04	4.82E+02	1.08E+04
74.4	8.75	0.42	1.78E+04	4.82E+02	1.08E+04
74.5	8.74	0.42	1.78E+04	4.82E+02	1.09E+04
74.6	8.72	0.42	1.78E+04	4.82E+02	1.09E+04
74.7	8.71	0.42	1.79E+04	4.83E+02	1.09E+04
74.8	8.69	0.42	1.79E+04	4.83E+02	1.09E+04
74.9	8.68	0.42	1.79E+04	4.83E+02	1.09E+04
75.0	8.66	0.42	1.79E+04	4.83E+02	1.09E+04
75.1	8.65	0.42	1.79E+04	4.84E+02	1.09E+04
75.2	8.63	0.42	1.79E+04	4.84E+02	1.09E+04
75.3	8.62	0.42	1.79E+04	4.84E+02	1.09E+04
75.4	8.60	0.41	1.79E+04	4.84E+02	1.09E+04
75.5	8.59	0.41	1.79E+04	4.85E+02	1.09E+04
75.6	8.57	0.41	1.79E+04	4.85E+02	1.09E+04
75.7	8.56	0.41	1.80E+04	4.85E+02	1.09E+04
75.8	8.54	0.41	1.80E+04	4.85E+02	1.09E+04
75.9	8.53	0.41	1.80E+04	4.86E+02	1.09E+04
76.0	8.51	0.41	1.80E+04	4.86E+02	1.09E+04
76.1	8.50	0.41	1.80E+04	4.86E+02	1.09E+04
76.2	8.48	0.41	1.80E+04	4.87E+02	1.10E+04
76.3	8.47	0.41	1.80E+04	4.87E+02	1.10E+04
76.4	8.46	0.41	1.80E+04	4.87E+02	1.10E+04
76.5	8.44	0.41	1.80E+04	4.87E+02	1.10E+04
76.6	8.43	0.41	1.80E+04	4.88E+02	1.10E+04
76.7	8.41	0.41	1.81E+04	4.88E+02	1.10E+04
76.8	8.40	0.40	1.81E+04	4.88E+02	1.10E+04
76.9	8.39	0.40	1.81E+04	4.88E+02	1.10E+04
77.0	8.37	0.40	1.81E+04	4.89E+02	1.10E+04
77.1	8.36	0.40	1.81E+04	4.89E+02	1.10E+04
77.2	8.35	0.40	1.81E+04	4.89E+02	1.10E+04
77.3	8.33	0.40	1.81E+04	4.89E+02	1.10E+04
77.4	8.32	0.40	1.81E+04	4.90E+02	1.10E+04
77.5	8.31	0.40	1.81E+04	4.90E+02	1.10E+04
77.6	8.30	0.40	1.81E+04	4.90E+02	1.10E+04
77.7	8.28	0.40	1.81E+04	4.90E+02	1.10E+04
77.8	8.27	0.40	1.82E+04	4.91E+02	1.11E+04
77.9	8.26	0.40	1.82E+04	4.91E+02	1.11E+04
78.0	8.24	0.40	1.82E+04	4.91E+02	1.11E+04
78.1	8.23	0.40	1.82E+04	4.92E+02	1.11E+04
78.2	8.22	0.40	1.82E+04	4.92E+02	1.11E+04
78.3	8.21	0.40	1.82E+04	4.92E+02	1.11E+04
78.4	8.20	0.40	1.82E+04	4.92E+02	1.11E+04
78.5	8.18	0.39	1.82E+04	4.93E+02	1.11E+04
78.6	8.17	0.39	1.82E+04	4.93E+02	1.11E+04
78.7	8.16	0.39	1.82E+04	4.93E+02	1.11E+04
78.8	8.15	0.39	1.83E+04	4.93E+02	1.11E+04
78.9	8.14	0.39	1.83E+04	4.94E+02	1.11E+04
79.0	8.12	0.39	1.83E+04	4.94E+02	1.11E+04
79.1	8.11	0.39	1.83E+04	4.94E+02	1.11E+04
79.2	8.10	0.39	1.83E+04	4.94E+02	1.11E+04
79.3	8.09	0.39	1.83E+04	4.95E+02	1.11E+04
79.4	8.08	0.39	1.83E+04	4.95E+02	1.11E+04
79.5	8.07	0.39	1.83E+04	4.95E+02	1.11E+04
79.6	8.06	0.39	1.83E+04	4.95E+02	1.12E+04
79.7	8.04	0.39	1.83E+04	4.96E+02	1.12E+04
79.8	8.03	0.39	1.83E+04	4.96E+02	1.12E+04
79.9	8.02	0.39	1.84E+04	4.96E+02	1.12E+04
80.0	8.01	0.41	1.84E+04	4.96E+02	1.12E+04
80.1	8.00	0.41	1.84E+04	4.97E+02	1.12E+04
80.2	7.99	0.41	1.84E+04	4.97E+02	1.12E+04
80.3	7.98	0.41	1.84E+04	4.97E+02	1.12E+04
80.4	7.97	0.40	1.84E+04	4.97E+02	1.12E+04
80.5	7.96	0.40	1.84E+04	4.98E+02	1.12E+04
80.6	7.95	0.40	1.84E+04	4.98E+02	1.12E+04
80.7	7.94	0.40	1.84E+04	4.98E+02	1.12E+04
80.8	7.93	0.40	1.84E+04	4.99E+02	1.12E+04
80.9	7.92	0.40	1.85E+04	4.99E+02	1.12E+04
81.0	7.91	0.40	1.85E+04	4.99E+02	1.12E+04
81.1	7.90	0.40	1.85E+04	4.99E+02	1.12E+04
81.2	7.89	0.40	1.85E+04	5.00E+02	1.12E+04
81.3	7.88	0.40	1.85E+04	5.00E+02	1.13E+04
81.4	7.87	0.40	1.85E+04	5.00E+02	1.13E+04
81.5	7.86	0.40	1.85E+04	5.00E+02	1.13E+04
81.6	7.85	0.40	1.85E+04	5.01E+02	1.13E+04
81.7	7.84	0.40	1.85E+04	5.01E+02	1.13E+04
81.8	7.83	0.40	1.85E+04	5.01E+02	1.13E+04
81.9	7.82	0.40	1.86E+04	5.01E+02	1.13E+04
82.0	7.81	0.40	1.86E+04	5.02E+02	1.13E+04
82.1	7.80	0.40	1.86E+04	5.02E+02	1.13E+04
82.2	7.79	0.40	1.86E+04	5.02E+02	1.13E+04
82.3	7.78	0.40	1.86E+04	5.02E+02	1.13E+04
82.4	7.77	0.39	1.86E+04	5.03E+02	1.13E+04
82.5	7.76	0.39	1.86E+04	5.03E+02	1.13E+04
82.6	7.75	0.39	1.86E+04	5.03E+02	1.13E+04
82.7	7.74	0.39	1.86E+04	5.03E+02	1.13E+04
82.8	7.73	0.39	1.86E+04	5.04E+02	1.13E+04
82.9	7.72	0.39	1.86E+04	5.04E+02	1.13E+04
83.0	7.71	0.39	1.87E+04	5.04E+02	1.14E+04
83.1	7.70	0.39	1.87E+04	5.04E+02	1.14E+04
83.2	7.70	0.39	1.87E+04	5.05E+02	1.14E+04
83.3	7.69	0.39	1.87E+04	5.05E+02	1.14E+04
83.4	7.68	0.39	1.87E+04	5.05E+02	1.14E+04
83.5	7.67	0.39	1.87E+04	5.05E+02	1.14E+04
83.6	7.66	0.39	1.87E+04	5.06E+02	1.14E+04
83.7	7.65	0.39	1.87E+04	5.06E+02	1.14E+04
83.8	7.64	0.39	1.87E+04	5.06E+02	1.14E+04
83.9	7.64	0.39	1.87E+04	5.06E+02	1.14E+04
84.0	7.63	0.39	1.87E+04	5.07E+02	1.14E+04
84.1	7.62	0.39	1.88E+04	5.07E+02	1.14E+04
84.2	7.61	0.39	1.88E+04	5.07E+02	1.14E+04
84.3	7.60	0.39	1.88E+04	5.08E+02	1.14E+04
84.4	7.59	0.39	1.88E+04	5.08E+02	1.14E+04
84.5	7.59	0.39	1.88E+04	5.08E+02	1.14E+04
84.6	7.58	0.38	1.88E+04	5.08E+02	1.14E+04
84.7	7.57	0.38	1.88E+04	5.09E+02	1.15E+04
84.8	7.56	0.38	1.88E+04	5.09E+02	1.15E+04
84.9	7.55	0.38	1.88E+04	5.09E+02	1.15E+04
85.0	7.55	0.38	1.88E+04	5.09E+02	1.15E+04
85.1	7.54	0.38	1.89E+04	5.10E+02	1.15E+04
85.2	7.53	0.38	1.89E+04	5.10E+02	1.15E+04
85.3	7.52	0.38	1.89E+04	5.10E+02	1.15E+04
85.4	7.51	0.38	1.89E+04	5.10E+02	1.15E+04
85.5	7.51	0.38	1.89E+04	5.11E+02	1.15E+04
85.6	7.50	0.38	1.89E+04	5.11E+02	1.15E+04
85.7	7.49	0.38	1.89E+04	5.11E+02	1.15E+04
85.8	7.48	0.38	1.89E+04	5.11E+02	1.15E+04
85.9	7.48	0.38	1.89E+04	5.12E+02	1.15E+04
86.0	7.47	0.38	1.89E+04	5.12E+02	1.15E+04
86.1	7.46	0.38	1.89E+04	5.12E+02	1.15E+04
86.2	7.46	0.38	1.90E+04	5.12E+02	1.15E+04
86.3	7.45	0.38	1.90E+04	5.13E+02	1.15E+04
86.4	7.44	0.38	1.90E+04	5.13E+02	1.15E+04
86.5	7.43	0.38	1.90E+04	5.13E+02	1.16E+04
86.6	7.43	0.38	1.90E+04	5.13E+02	1.16E+04
86.7	7.42	0.38	1.90E+04	5.14E+02	1.16E+04
86.8	7.41	0.38	1.90E+04	5.14E+02	1.16E+04
86.9	7.41	0.38	1.90E+04	5.14E+02	1.16E+04
87.0	7.40	0.38	1.90E+04	5.14E+02	1.16E+04
87.1	7.39	0.38	1.90E+04	5.15E+02	1.16E+04
87.2	7.39	0.38	1.91E+04	5.15E+02	1.16E+04
87.3	7.38	0.37	1.91E+04	5.15E+02	1.16E+04
87.4	7.37	0.37	1.91E+04	5.15E+02	1.16E+04
87.5	7.37	0.37	1.91E+04	5.16E+02	1.16E+04
87.6	7.36	0.37	1.91E+04	5.16E+02	1.16E+04
87.7	7.35	0.37	1.91E+04	5.16E+02	1.16E+04
87.8	7.35	0.37	1.91E+04	5.16E+02	1.16E+04
87.9	7.34	0.37	1.91E+04	5.17E+02	1.16E+04
88.0	7.33	0.37	1.91E+04	5.17E+02	1.16E+04
88.1	7.33	0.37	1.91E+04	5.17E+02	1.16E+04
88.2	7.32	0.37	1.91E+04	5.18E+02	1.17E+04
88.3	7.31	0.37	1.92E+04	5.18E+02	1.17E+04
88.4	7.31	0.37	1.92E+04	5.18E+02	1.17E+04
88.5	7.30	0.37	1.92E+04	5.18E+02	1.17E+04
88.6	7.30	0.37	1.92E+04	5.19E+02	1.17E+04
88.7	7.29	0.37	1.92E+04	5.19E+02	1.17E+04
88.8	7.28	0.37	1.92E+04	5.19E+02	1.17E+04
88.9	7.28	0.37	1.92E+04	5.19E+02	1.17E+04
89.0	7.27	0.37	1.92E+04	5.20E+02	1.17E+04
89.1	7.27	0.37	1.92E+04	5.20E+02	1.17E+04
89.2	7.26	0.37	1.92E+04	5.20E+02	1.17E+04
89.3	7.26	0.37	1.93E+04	5.20E+02	1.17E+04
89.4	7.25	0.37	1.93E+04	5.21E+02	1.17E+04
89.5	7.24	0.37	1.93E+04	5.21E+02	1.17E+04
89.6	7.24	0.37	1.93E+04	5.21E+02	1.17E+04
89.7	7.23	0.37	1.93E+04	5.21E+02	1.17E+04
89.8	7.23	0.37	1.93E+04	5.22E+02	1.17E+04
89.9	7.22	0.37	1.93E+04	5.22E+02	1.18E+04
90.0	7.22	0.37	1.93E+04	5.22E+02	1.18E+04
90.1	7.21	0.37	1.93E+04	5.22E+02	1.18E+04
90.2	7.20	0.37	1.93E+04	5.23E+02	1.18E+04
90.3	7.20	0.37	1.93E+04	5.23E+02	1.18E+04
90.4	7.19	0.37	1.94E+04	5.23E+02	1.18E+04
90.5	7.19	0.37	1.94E+04	5.23E+02	1.18E+04
90.6	7.18	0.36	1.94E+04	5.24E+02	1.18E+04
90.7	7.18	0.36	1.94E+04	5.24E+02	1.18E+04
90.8	7.17	0.36	1.94E+04	5.24E+02	1.18E+04
90.9	7.17	0.36	1.94E+04	5.24E+02	1.18E+04
91.0	7.16	0.36	1.94E+04	5.25E+02	1.18E+04
91.1	7.16	0.36	1.94E+04	5.25E+02	1.18E+04
91.2	7.15	0.36	1.94E+04	5.25E+02	1.18E+04
91.3	7.15	0.36	1.94E+04	5.25E+02	1.18E+04
91.4	7.14	0.36	1.95E+04	5.26E+02	1.18E+04
91.5	7.14	0.36	1.95E+04	5.26E+02	1.18E+04
91.6	7.13	0.36	1.95E+04	5.26E+02	1.18E+04
91.7	7.13	0.36	1.95E+04	5.26E+02	1.19E+04
91.8	7.12	0.36	1.95E+04	5.27E+02	1.19E+04
91.9	7.12	0.36	1.95E+04	5.27E+02	1.19E+04
92.0	7.11	0.36	1.95E+04	5.27E+02	1.19E+04
92.1	7.11	0.36	1.95E+04	5.28E+02	1.19E+04
92.2	7.10	0.36	1.95E+04	5.28E+02	1.19E+04
92.3	7.10	0.36	1.95E+04	5.28E+02	1.19E+04
92.4	7.09	0.36	1.95E+04	5.28E+02	1.19E+04
92.5	7.09	0.36	1.96E+04	5.29E+02	1.19E+04
92.6	7.09	0.36	1.96E+04	5.29E+02	1.19E+04
92.7	7.08	0.36	1.96E+04	5.29E+02	1.19E+04
92.8	7.08	0.36	1.96E+04	5.29E+02	1.19E+04
92.9	7.07	0.36	1.96E+04	5.30E+02	1.19E+04
93.0	7.07	0.36	1.96E+04	5.30E+02	1.19E+04
93.1	7.06	0.36	1.96E+04	5.30E+02	1.19E+04
93.2	7.06	0.36	1.96E+04	5.30E+02	1.19E+04
93.3	7.05	0.36	1.96E+04	5.31E+02	1.19E+04
93.4	7.05	0.36	1.96E+04	5.31E+02	1.20E+04
93.5	7.04	0.36	1.97E+04	5.31E+02	1.20E+04
93.6	7.04	0.36	1.97E+04	5.31E+02	1.20E+04
93.7	7.04	0.36	1.97E+04	5.32E+02	1.20E+04
93.8	7.03	0.36	1.97E+04	5.32E+02	1.20E+04
93.9	7.03	0.36	1.97E+04	5.32E+02	1.20E+04
94.0	7.02	0.36	1.97E+04	5.32E+02	1.20E+04
94.1	7.02	0.36	1.97E+04	5.33E+02	1.20E+04
94.2	7.01	0.36	1.97E+04	5.33E+02	1.20E+04
94.3	7.01	0.36	1.97E+04	5.33E+02	1.20E+04
94.4	7.01	0.36	1.97E+04	5.33E+02	1.20E+04
94.5	7.00	0.36	1.97E+04	5.34E+02	1.20E+04
94.6	7.00	0.36	1.98E+04	5.34E+02	1.20E+04
94.7	6.99	0.36	1.98E+04	5.34E+02	1.20E+04
94.8	6.99	0.36	1.98E+04	5.35E+02	1.20E+04
94.9	6.99	0.35	1.98E+04	5.35E+02	1.20E+04
95.0	6.98	0.35	1.98E+04	5.35E+02	1.20E+04
95.1	6.98	0.35	1.98E+04	5.35E+02	1.21E+04
95.2	6.97	0.35	1.98E+04	5.36E+02	1.21E+04
95.3	6.97	0.35	1.98E+04	5.36E+02	1.21E+04
95.4	6.97	0.35	1.98E+04	5.36E+02	1.21E+04
95.5	6.96	0.35	1.98E+04	5.36E+02	1.21E+04
95.6	6.96	0.35	1.99E+04	5.37E+02	1.21E+04
95.7	6.95	0.35	1.99E+04	5.37E+02	1.21E+04
95.8	6.95	0.35	1.99E+04	5.37E+02	1.21E+04
95.9	6.95	0.35	1.99E+04	5.37E+02	1.21E+04
96.0	6.94	0.35	1.99E+04	5.38E+02	1.21E+04
96.1	6.94	0.35	1.99E+04	5.38E+02	1.21E+04
96.2	6.94	0.35	1.99E+04	5.38E+02	1.21E+04
96.3	6.93	0.35	1.99E+04	5.38E+02	1.21E+04
96.4	6.93	0.35	1.99E+04	5.39E+02	1.21E+04
96.5	6.92	0.35	1.99E+04	5.39E+02	1.21E+04
96.6	6.92	0.35	2.00E+04	5.39E+02	1.21E+04
96.7	6.92	0.35	2.00E+04	5.39E+02	1.21E+04
96.8	6.91	0.35	2.00E+04	5.40E+02	1.22E+04
96.9	6.91	0.35	2.00E+04	5.40E+02	1.22E+04
97.0	6.91	0.35	2.00E+04	5.40E+02	1.22E+04
97.1	6.90	0.35	2.00E+04	5.41E+02	1.22E+04
97.2	6.90	0.35	2.00E+04	5.41E+02	1.22E+04
97.3	6.89	0.35	2.00E+04	5.41E+02	1.22E+04
97.4	6.89	0.35	2.00E+04	5.41E+02	1.22E+04
97.5	6.89	0.35	2.00E+04	5.42E+02	1.22E+04
97.6	6.88	0.35	2.00E+04	5.42E+02	1.22E+04
97.7	6.88	0.35	2.01E+04	5.42E+02	1.22E+04
97.8	6.88	0.35	2.01E+04	5.42E+02	1.22E+04
97.9	6.87	0.35	2.01E+04	5.43E+02	1.22E+04
98.0	6.87	0.35	2.01E+04	5.43E+02	1.22E+04
98.1	6.86	0.35	2.01E+04	5.43E+02	1.22E+04
98.2	6.86	0.35	2.01E+04	5.43E+02	1.22E+04
98.3	6.86	0.35	2.01E+04	5.44E+02	1.22E+04
98.4	6.85	0.35	2.01E+04	5.44E+02	1.22E+04
98.5	6.85	0.35	2.01E+04	5.44E+02	1.23E+04
98.6	6.85	0.35	2.01E+04	5.44E+02	1.23E+04
98.7	6.84	0.35	2.02E+04	5.45E+02	1.23E+04
98.8	6.84	0.35	2.02E+04	5.45E+02	1.23E+04
98.9	6.84	0.35	2.02E+04	5.45E+02	1.23E+04
99.0	6.83	0.35	2.02E+04	5.46E+02	1.23E+04
99.1	6.83	0.35	2.02E+04	5.46E+02	1.23E+04
99.2	6.83	0.35	2.02E+04	5.46E+02	1.23E+04
99.3	6.82	0.35	2.02E+04	5.46E+02	1.23E+04
99.4	6.82	0.35	2.02E+04	5.47E+02	1.23E+04
99.5	6.82	0.35	2.02E+04	5.47E+02	1.23E+04
99.6	6.81	0.35	2.02E+04	5.47E+02	1.23E+04
99.7	6.81	0.35	2.03E+04	5.47E+02	1.23E+04
99.8	6.80	0.35	2.03E+04	5.48E+02	1.23E+04
99.9	6.80	0.35	2.03E+04	5.48E+02	1.23E+04
100.0	6.80	0.44	2.03E+04	5.48E+02	1.23E+04
