natTi(p,x)48V


	fit	fit
Energy	Pade	Uncert.	Phys. yield	Phys. yield	1 h irrad.
MeV	mb	mb	(MBq/uAh)	(uCi/uAh)	(MBq/uA)
3.8	0.18	0.007	4.39E-05	1.19E-03	4.39E-05
3.9	0.19	0.007	9.05E-05	2.45E-03	9.05E-05
4.0	0.38	0.02	1.87E-04	5.07E-03	1.87E-04
4.1	0.58	0.02	3.39E-04	9.16E-03	3.39E-04
4.2	0.83	0.03	5.60E-04	1.51E-02	5.60E-04
4.3	1.33	0.05	9.21E-04	2.49E-02	9.21E-04
4.4	1.66	0.07	1.38E-03	3.73E-02	1.38E-03
4.5	2.08	0.08	1.96E-03	5.31E-02	1.96E-03
4.6	2.58	0.10	2.70E-03	7.29E-02	2.70E-03
4.7	3.10	0.12	3.59E-03	9.71E-02	3.59E-03
4.8	3.83	0.15	4.71E-03	1.27E-01	4.71E-03
4.9	5.41	0.22	6.31E-03	1.71E-01	6.31E-03
5.0	8.30	8.30	8.81E-03	2.38E-01	8.80E-03
5.1	14.10	14.10	1.31E-02	3.54E-01	1.31E-02
5.2	22.80	22.80	2.01E-02	5.44E-01	2.01E-02
5.3	34.53	34.53	3.09E-02	8.36E-01	3.09E-02
5.4	50.34	50.34	4.69E-02	1.27E+00	4.68E-02
5.5	67.63	67.63	6.86E-02	1.85E+00	6.85E-02
5.6	85.76	85.76	9.64E-02	2.61E+00	9.63E-02
5.7	104.15	104.15	1.31E-01	3.53E+00	1.31E-01
5.8	122.16	122.16	1.71E-01	4.63E+00	1.71E-01
5.9	139.20	139.20	2.18E-01	5.90E+00	2.18E-01
6.0	154.64	7.88	2.71E-01	7.32E+00	2.71E-01
6.1	168.03	8.57	3.29E-01	8.89E+00	3.28E-01
6.2	179.46	9.15	3.91E-01	1.06E+01	3.91E-01
6.3	189.19	9.64	4.58E-01	1.24E+01	4.58E-01
6.4	197.47	10.07	5.28E-01	1.43E+01	5.28E-01
6.5	204.55	10.43	6.02E-01	1.63E+01	6.01E-01
6.6	210.68	10.74	6.79E-01	1.83E+01	6.78E-01
6.7	216.12	11.02	7.58E-01	2.05E+01	7.58E-01
6.8	221.11	11.27	8.41E-01	2.27E+01	8.40E-01
6.9	225.90	11.52	9.26E-01	2.50E+01	9.25E-01
7.0	230.75	9.86	1.01E+00	2.74E+01	1.01E+00
7.1	235.86	10.08	1.11E+00	2.99E+01	1.10E+00
7.2	241.24	10.31	1.20E+00	3.25E+01	1.20E+00
7.3	246.84	10.55	1.30E+00	3.51E+01	1.30E+00
7.4	252.63	10.79	1.40E+00	3.79E+01	1.40E+00
7.5	258.57	11.05	1.51E+00	4.07E+01	1.51E+00
7.6	264.61	11.30	1.62E+00	4.37E+01	1.61E+00
7.7	270.72	11.57	1.73E+00	4.67E+01	1.73E+00
7.8	276.86	11.83	1.84E+00	4.99E+01	1.84E+00
7.9	282.98	12.09	1.96E+00	5.31E+01	1.96E+00
8.0	289.04	13.17	2.09E+00	5.64E+01	2.09E+00
8.1	295.02	13.44	2.22E+00	5.99E+01	2.21E+00
8.2	300.89	13.71	2.35E+00	6.34E+01	2.34E+00
8.3	306.63	13.97	2.48E+00	6.70E+01	2.48E+00
8.4	312.25	14.22	2.62E+00	7.07E+01	2.62E+00
8.5	317.73	14.47	2.76E+00	7.46E+01	2.76E+00
8.6	323.04	14.72	2.90E+00	7.85E+01	2.90E+00
8.7	328.19	14.95	3.05E+00	8.25E+01	3.05E+00
8.8	333.16	15.18	3.20E+00	8.66E+01	3.20E+00
8.9	337.94	15.39	3.36E+00	9.08E+01	3.36E+00
9.0	342.52	15.18	3.52E+00	9.50E+01	3.51E+00
9.1	346.87	15.38	3.68E+00	9.94E+01	3.68E+00
9.2	351.01	15.56	3.84E+00	1.04E+02	3.84E+00
9.3	354.93	15.73	4.01E+00	1.08E+02	4.01E+00
9.4	358.63	15.90	4.18E+00	1.13E+02	4.18E+00
9.5	362.11	16.05	4.36E+00	1.18E+02	4.35E+00
9.6	365.36	16.19	4.53E+00	1.23E+02	4.53E+00
9.7	368.38	16.33	4.71E+00	1.27E+02	4.71E+00
9.8	371.18	16.45	4.90E+00	1.32E+02	4.89E+00
9.9	373.75	16.57	5.08E+00	1.37E+02	5.08E+00
10.0	376.09	15.77	5.27E+00	1.42E+02	5.26E+00
10.1	378.20	15.86	5.46E+00	1.48E+02	5.45E+00
10.2	380.09	15.94	5.65E+00	1.53E+02	5.65E+00
10.3	381.76	16.01	5.85E+00	1.58E+02	5.84E+00
10.4	383.23	16.07	6.04E+00	1.63E+02	6.04E+00
10.5	384.51	16.13	6.24E+00	1.69E+02	6.24E+00
10.6	385.61	16.17	6.44E+00	1.74E+02	6.44E+00
10.7	386.52	16.21	6.64E+00	1.80E+02	6.64E+00
10.8	387.28	16.24	6.85E+00	1.85E+02	6.84E+00
10.9	387.88	16.27	7.05E+00	1.91E+02	7.05E+00
11.0	388.33	16.29	7.26E+00	1.96E+02	7.26E+00
11.1	388.65	16.30	7.47E+00	2.02E+02	7.46E+00
11.2	388.83	16.31	7.68E+00	2.08E+02	7.67E+00
11.3	388.88	16.31	7.89E+00	2.13E+02	7.89E+00
11.4	388.81	16.31	8.11E+00	2.19E+02	8.10E+00
11.5	388.61	16.30	8.32E+00	2.25E+02	8.31E+00
11.6	388.29	16.28	8.54E+00	2.31E+02	8.53E+00
11.7	387.85	16.27	8.75E+00	2.37E+02	8.75E+00
11.8	387.30	16.24	8.97E+00	2.42E+02	8.96E+00
11.9	386.63	16.21	9.19E+00	2.48E+02	9.18E+00
12.0	385.85	15.66	9.41E+00	2.54E+02	9.40E+00
12.1	384.96	15.63	9.63E+00	2.60E+02	9.62E+00
12.2	383.96	15.59	9.85E+00	2.66E+02	9.84E+00
12.3	382.83	15.54	1.01E+01	2.72E+02	1.01E+01
12.4	381.57	15.49	1.03E+01	2.78E+02	1.03E+01
12.5	380.17	15.43	1.05E+01	2.84E+02	1.05E+01
12.6	378.61	15.37	1.07E+01	2.90E+02	1.07E+01
12.7	376.89	15.30	1.10E+01	2.96E+02	1.10E+01
12.8	375.00	15.22	1.12E+01	3.03E+02	1.12E+01
12.9	372.93	15.14	1.14E+01	3.09E+02	1.14E+01
13.0	370.68	15.05	1.16E+01	3.15E+02	1.16E+01
13.1	368.22	14.95	1.19E+01	3.21E+02	1.19E+01
13.2	365.56	14.84	1.21E+01	3.27E+02	1.21E+01
13.3	362.69	14.72	1.23E+01	3.33E+02	1.23E+01
13.4	359.61	14.60	1.25E+01	3.39E+02	1.25E+01
13.5	356.30	14.46	1.28E+01	3.45E+02	1.27E+01
13.6	352.76	14.32	1.30E+01	3.51E+02	1.30E+01
13.7	348.99	14.17	1.32E+01	3.57E+02	1.32E+01
13.8	344.98	14.00	1.34E+01	3.63E+02	1.34E+01
13.9	340.73	13.83	1.36E+01	3.68E+02	1.36E+01
14.0	336.22	13.65	1.38E+01	3.74E+02	1.38E+01
14.1	331.45	13.45	1.41E+01	3.80E+02	1.40E+01
14.2	326.45	13.25	1.43E+01	3.86E+02	1.43E+01
14.3	321.22	13.04	1.45E+01	3.91E+02	1.45E+01
14.4	315.79	12.82	1.47E+01	3.97E+02	1.47E+01
14.5	310.18	12.59	1.49E+01	4.02E+02	1.49E+01
14.6	304.39	12.36	1.51E+01	4.08E+02	1.51E+01
14.7	298.46	12.11	1.53E+01	4.13E+02	1.53E+01
14.8	292.39	11.87	1.55E+01	4.18E+02	1.55E+01
14.9	286.20	11.62	1.57E+01	4.23E+02	1.57E+01
15.0	279.93	11.36	1.59E+01	4.29E+02	1.58E+01
15.1	273.57	11.10	1.60E+01	4.34E+02	1.60E+01
15.2	267.16	10.84	1.62E+01	4.39E+02	1.62E+01
15.3	260.71	10.58	1.64E+01	4.43E+02	1.64E+01
15.4	254.26	10.32	1.66E+01	4.48E+02	1.66E+01
15.5	247.82	10.06	1.68E+01	4.53E+02	1.67E+01
15.6	241.42	9.80	1.69E+01	4.57E+02	1.69E+01
15.7	235.08	9.54	1.71E+01	4.62E+02	1.71E+01
15.8	228.82	9.29	1.72E+01	4.66E+02	1.72E+01
15.9	222.67	9.04	1.74E+01	4.70E+02	1.74E+01
16.0	216.64	8.83	1.76E+01	4.75E+02	1.75E+01
16.1	210.77	8.59	1.77E+01	4.79E+02	1.77E+01
16.2	205.05	8.36	1.79E+01	4.83E+02	1.78E+01
16.3	199.47	8.13	1.80E+01	4.87E+02	1.80E+01
16.4	194.05	7.91	1.81E+01	4.91E+02	1.81E+01
16.5	188.78	7.69	1.83E+01	4.94E+02	1.83E+01
16.6	183.65	7.48	1.84E+01	4.98E+02	1.84E+01
16.7	178.66	7.28	1.86E+01	5.02E+02	1.85E+01
16.8	173.83	7.08	1.87E+01	5.05E+02	1.87E+01
16.9	169.13	6.89	1.88E+01	5.08E+02	1.88E+01
17.0	164.58	6.71	1.89E+01	5.12E+02	1.89E+01
17.1	160.17	6.53	1.91E+01	5.15E+02	1.90E+01
17.2	155.90	6.35	1.92E+01	5.18E+02	1.92E+01
17.3	151.77	6.19	1.93E+01	5.21E+02	1.93E+01
17.4	147.78	6.02	1.94E+01	5.24E+02	1.94E+01
17.5	143.92	5.87	1.95E+01	5.27E+02	1.95E+01
17.6	140.20	5.71	1.96E+01	5.30E+02	1.96E+01
17.7	136.62	5.57	1.97E+01	5.33E+02	1.97E+01
17.8	133.17	5.43	1.98E+01	5.35E+02	1.98E+01
17.9	129.85	5.29	1.99E+01	5.38E+02	1.99E+01
18.0	126.66	5.30	2.00E+01	5.41E+02	2.00E+01
18.1	123.60	5.17	2.01E+01	5.43E+02	2.01E+01
18.2	120.67	5.05	2.02E+01	5.46E+02	2.02E+01
18.3	117.86	4.93	2.03E+01	5.48E+02	2.03E+01
18.4	115.17	4.82	2.04E+01	5.51E+02	2.04E+01
18.5	112.59	4.71	2.05E+01	5.53E+02	2.04E+01
18.6	110.11	4.60	2.05E+01	5.55E+02	2.05E+01
18.7	107.75	4.51	2.06E+01	5.58E+02	2.06E+01
18.8	105.48	4.41	2.07E+01	5.60E+02	2.07E+01
18.9	103.30	4.32	2.08E+01	5.62E+02	2.08E+01
19.0	101.22	4.23	2.09E+01	5.64E+02	2.09E+01
19.1	99.22	4.15	2.10E+01	5.67E+02	2.09E+01
19.2	97.31	4.07	2.10E+01	5.69E+02	2.10E+01
19.3	95.47	3.99	2.11E+01	5.71E+02	2.11E+01
19.4	93.70	3.92	2.12E+01	5.73E+02	2.12E+01
19.5	92.00	3.85	2.13E+01	5.75E+02	2.13E+01
19.6	90.37	3.78	2.14E+01	5.77E+02	2.13E+01
19.7	88.80	3.71	2.14E+01	5.79E+02	2.14E+01
19.8	87.28	3.65	2.15E+01	5.81E+02	2.15E+01
19.9	85.81	3.59	2.16E+01	5.83E+02	2.16E+01
20.0	84.39	3.52	2.16E+01	5.85E+02	2.16E+01
20.1	83.01	3.46	2.17E+01	5.87E+02	2.17E+01
20.2	81.68	3.40	2.18E+01	5.89E+02	2.18E+01
20.3	80.38	3.35	2.19E+01	5.91E+02	2.18E+01
20.4	79.12	3.30	2.19E+01	5.93E+02	2.19E+01
20.5	77.90	3.25	2.20E+01	5.94E+02	2.20E+01
20.6	76.72	3.20	2.21E+01	5.96E+02	2.20E+01
20.7	75.57	3.15	2.21E+01	5.98E+02	2.21E+01
20.8	74.45	3.10	2.22E+01	6.00E+02	2.22E+01
20.9	73.37	3.06	2.23E+01	6.01E+02	2.22E+01
21.0	72.32	3.01	2.23E+01	6.03E+02	2.23E+01
21.1	71.31	2.97	2.24E+01	6.05E+02	2.24E+01
21.2	70.32	2.93	2.24E+01	6.07E+02	2.24E+01
21.3	69.36	2.89	2.25E+01	6.08E+02	2.25E+01
21.4	68.43	2.85	2.26E+01	6.10E+02	2.25E+01
21.5	67.52	2.81	2.26E+01	6.12E+02	2.26E+01
21.6	66.65	2.78	2.27E+01	6.13E+02	2.27E+01
21.7	65.79	2.74	2.28E+01	6.15E+02	2.27E+01
21.8	64.96	2.71	2.28E+01	6.16E+02	2.28E+01
21.9	64.16	2.67	2.29E+01	6.18E+02	2.28E+01
22.0	63.37	2.64	2.29E+01	6.20E+02	2.29E+01
22.1	62.60	2.61	2.30E+01	6.21E+02	2.30E+01
22.2	61.86	2.58	2.30E+01	6.23E+02	2.30E+01
22.3	61.13	2.55	2.31E+01	6.24E+02	2.31E+01
22.4	60.42	2.52	2.32E+01	6.26E+02	2.31E+01
22.5	59.73	2.49	2.32E+01	6.27E+02	2.32E+01
22.6	59.06	2.46	2.33E+01	6.29E+02	2.32E+01
22.7	58.41	2.43	2.33E+01	6.30E+02	2.33E+01
22.8	57.77	2.41	2.34E+01	6.32E+02	2.34E+01
22.9	57.15	2.38	2.34E+01	6.33E+02	2.34E+01
23.0	56.54	2.36	2.35E+01	6.35E+02	2.35E+01
23.1	55.95	2.33	2.35E+01	6.36E+02	2.35E+01
23.2	55.37	2.31	2.36E+01	6.38E+02	2.36E+01
23.3	54.80	2.28	2.36E+01	6.39E+02	2.36E+01
23.4	54.25	2.26	2.37E+01	6.40E+02	2.37E+01
23.5	53.71	2.24	2.37E+01	6.42E+02	2.37E+01
23.6	53.19	2.22	2.38E+01	6.43E+02	2.38E+01
23.7	52.67	2.20	2.38E+01	6.45E+02	2.38E+01
23.8	52.17	2.17	2.39E+01	6.46E+02	2.39E+01
23.9	51.68	2.15	2.39E+01	6.47E+02	2.39E+01
24.0	51.19	2.13	2.40E+01	6.49E+02	2.40E+01
24.1	50.72	2.11	2.40E+01	6.50E+02	2.40E+01
24.2	50.26	2.09	2.41E+01	6.51E+02	2.41E+01
24.3	49.80	2.08	2.41E+01	6.53E+02	2.41E+01
24.4	49.36	2.06	2.42E+01	6.54E+02	2.42E+01
24.5	48.92	2.04	2.42E+01	6.55E+02	2.42E+01
24.6	48.49	2.02	2.43E+01	6.57E+02	2.43E+01
24.7	48.07	2.00	2.43E+01	6.58E+02	2.43E+01
24.8	47.66	1.99	2.44E+01	6.59E+02	2.44E+01
24.9	47.25	1.97	2.44E+01	6.60E+02	2.44E+01
25.0	46.86	1.94	2.45E+01	6.62E+02	2.45E+01
25.1	46.47	1.93	2.45E+01	6.63E+02	2.45E+01
25.2	46.09	1.91	2.46E+01	6.64E+02	2.46E+01
25.3	45.72	1.90	2.46E+01	6.66E+02	2.46E+01
25.4	45.35	1.88	2.47E+01	6.67E+02	2.46E+01
25.5	44.99	1.87	2.47E+01	6.68E+02	2.47E+01
25.6	44.64	1.85	2.48E+01	6.69E+02	2.47E+01
25.7	44.29	1.84	2.48E+01	6.71E+02	2.48E+01
25.8	43.95	1.82	2.49E+01	6.72E+02	2.48E+01
25.9	43.62	1.81	2.49E+01	6.73E+02	2.49E+01
26.0	43.29	1.80	2.49E+01	6.74E+02	2.49E+01
26.1	42.97	1.78	2.50E+01	6.75E+02	2.50E+01
26.2	42.65	1.77	2.50E+01	6.77E+02	2.50E+01
26.3	42.34	1.76	2.51E+01	6.78E+02	2.51E+01
26.4	42.03	1.74	2.51E+01	6.79E+02	2.51E+01
26.5	41.74	1.73	2.52E+01	6.80E+02	2.51E+01
26.6	41.44	1.72	2.52E+01	6.81E+02	2.52E+01
26.7	41.15	1.71	2.53E+01	6.83E+02	2.52E+01
26.8	40.87	1.70	2.53E+01	6.84E+02	2.53E+01
26.9	40.59	1.68	2.53E+01	6.85E+02	2.53E+01
27.0	40.31	1.67	2.54E+01	6.86E+02	2.54E+01
27.1	40.05	1.66	2.54E+01	6.87E+02	2.54E+01
27.2	39.78	1.65	2.55E+01	6.88E+02	2.54E+01
27.3	39.52	1.64	2.55E+01	6.90E+02	2.55E+01
27.4	39.26	1.63	2.56E+01	6.91E+02	2.55E+01
27.5	39.01	1.62	2.56E+01	6.92E+02	2.56E+01
27.6	38.77	1.61	2.56E+01	6.93E+02	2.56E+01
27.7	38.52	1.60	2.57E+01	6.94E+02	2.57E+01
27.8	38.28	1.59	2.57E+01	6.95E+02	2.57E+01
27.9	38.05	1.58	2.58E+01	6.96E+02	2.57E+01
28.0	37.82	1.57	2.58E+01	6.98E+02	2.58E+01
28.1	37.59	1.56	2.59E+01	6.99E+02	2.58E+01
28.2	37.37	1.55	2.59E+01	7.00E+02	2.59E+01
28.3	37.14	1.54	2.59E+01	7.01E+02	2.59E+01
28.4	36.93	1.53	2.60E+01	7.02E+02	2.60E+01
28.5	36.72	1.52	2.60E+01	7.03E+02	2.60E+01
28.6	36.51	1.51	2.61E+01	7.04E+02	2.60E+01
28.7	36.30	1.51	2.61E+01	7.05E+02	2.61E+01
28.8	36.10	1.50	2.61E+01	7.06E+02	2.61E+01
28.9	35.90	1.49	2.62E+01	7.08E+02	2.62E+01
29.0	35.71	1.48	2.62E+01	7.09E+02	2.62E+01
29.1	35.52	1.47	2.63E+01	7.10E+02	2.62E+01
29.2	35.33	1.47	2.63E+01	7.11E+02	2.63E+01
29.3	35.15	1.46	2.63E+01	7.12E+02	2.63E+01
29.4	34.98	1.45	2.64E+01	7.13E+02	2.64E+01
29.5	34.80	1.44	2.64E+01	7.14E+02	2.64E+01
29.6	34.64	1.44	2.65E+01	7.15E+02	2.64E+01
29.7	34.47	1.43	2.65E+01	7.16E+02	2.65E+01
29.8	34.31	1.42	2.65E+01	7.17E+02	2.65E+01
29.9	34.16	1.42	2.66E+01	7.18E+02	2.66E+01
30.0	34.00	1.41	2.66E+01	7.19E+02	2.66E+01
30.1	33.86	1.41	2.67E+01	7.20E+02	2.66E+01
30.2	33.71	1.40	2.67E+01	7.21E+02	2.67E+01
30.3	33.58	1.40	2.67E+01	7.22E+02	2.67E+01
30.4	33.44	1.39	2.68E+01	7.24E+02	2.67E+01
30.5	33.31	1.39	2.68E+01	7.25E+02	2.68E+01
30.6	33.18	1.38	2.68E+01	7.26E+02	2.68E+01
30.7	33.06	1.38	2.69E+01	7.27E+02	2.69E+01
30.8	32.94	1.37	2.69E+01	7.28E+02	2.69E+01
30.9	32.83	1.37	2.70E+01	7.29E+02	2.69E+01
31.0	32.71	1.36	2.70E+01	7.30E+02	2.70E+01
31.1	32.61	1.36	2.70E+01	7.31E+02	2.70E+01
31.2	32.50	1.35	2.71E+01	7.32E+02	2.71E+01
31.3	32.40	1.35	2.71E+01	7.33E+02	2.71E+01
31.4	32.30	1.34	2.72E+01	7.34E+02	2.71E+01
31.5	32.20	1.34	2.72E+01	7.35E+02	2.72E+01
31.6	32.11	1.34	2.72E+01	7.36E+02	2.72E+01
31.7	32.02	1.33	2.73E+01	7.37E+02	2.72E+01
31.8	31.93	1.33	2.73E+01	7.38E+02	2.73E+01
31.9	31.84	1.32	2.73E+01	7.39E+02	2.73E+01
32.0	31.76	1.32	2.74E+01	7.40E+02	2.74E+01
32.1	31.67	1.32	2.74E+01	7.41E+02	2.74E+01
32.2	31.59	1.31	2.75E+01	7.42E+02	2.74E+01
32.3	31.52	1.31	2.75E+01	7.43E+02	2.75E+01
32.4	31.44	1.31	2.75E+01	7.44E+02	2.75E+01
32.5	31.37	1.30	2.76E+01	7.45E+02	2.76E+01
32.6	31.29	1.30	2.76E+01	7.46E+02	2.76E+01
32.7	31.22	1.30	2.77E+01	7.47E+02	2.76E+01
32.8	31.15	1.30	2.77E+01	7.48E+02	2.77E+01
32.9	31.09	1.29	2.77E+01	7.49E+02	2.77E+01
33.0	31.02	1.29	2.78E+01	7.50E+02	2.77E+01
33.1	30.95	1.29	2.78E+01	7.51E+02	2.78E+01
33.2	30.89	1.28	2.78E+01	7.52E+02	2.78E+01
33.3	30.82	1.28	2.79E+01	7.54E+02	2.79E+01
33.4	30.76	1.28	2.79E+01	7.55E+02	2.79E+01
33.5	30.70	1.28	2.80E+01	7.56E+02	2.79E+01
33.6	30.64	1.27	2.80E+01	7.57E+02	2.80E+01
33.7	30.58	1.27	2.80E+01	7.58E+02	2.80E+01
33.8	30.51	1.27	2.81E+01	7.59E+02	2.80E+01
33.9	30.45	1.27	2.81E+01	7.60E+02	2.81E+01
34.0	30.39	1.26	2.81E+01	7.61E+02	2.81E+01
34.1	30.33	1.26	2.82E+01	7.62E+02	2.82E+01
34.2	30.27	1.26	2.82E+01	7.63E+02	2.82E+01
34.3	30.21	1.26	2.83E+01	7.64E+02	2.82E+01
34.4	30.15	1.25	2.83E+01	7.65E+02	2.83E+01
34.5	30.09	1.25	2.83E+01	7.66E+02	2.83E+01
34.6	30.03	1.25	2.84E+01	7.67E+02	2.84E+01
34.7	29.96	1.25	2.84E+01	7.68E+02	2.84E+01
34.8	29.90	1.24	2.85E+01	7.69E+02	2.84E+01
34.9	29.84	1.24	2.85E+01	7.70E+02	2.85E+01
35.0	29.77	1.24	2.85E+01	7.71E+02	2.85E+01
35.1	29.71	1.24	2.86E+01	7.72E+02	2.85E+01
35.2	29.64	1.24	2.86E+01	7.73E+02	2.86E+01
35.3	29.57	1.23	2.86E+01	7.74E+02	2.86E+01
35.4	29.50	1.23	2.87E+01	7.75E+02	2.87E+01
35.5	29.43	1.23	2.87E+01	7.76E+02	2.87E+01
35.6	29.36	1.23	2.88E+01	7.77E+02	2.87E+01
35.7	29.29	1.22	2.88E+01	7.78E+02	2.88E+01
35.8	29.21	1.22	2.88E+01	7.79E+02	2.88E+01
35.9	29.14	1.22	2.89E+01	7.81E+02	2.89E+01
36.0	29.06	1.21	2.89E+01	7.82E+02	2.89E+01
36.1	28.99	1.21	2.90E+01	7.83E+02	2.89E+01
36.2	28.91	1.21	2.90E+01	7.84E+02	2.90E+01
36.3	28.83	1.20	2.90E+01	7.85E+02	2.90E+01
36.4	28.75	1.20	2.91E+01	7.86E+02	2.90E+01
36.5	28.67	1.20	2.91E+01	7.87E+02	2.91E+01
36.6	28.59	1.19	2.91E+01	7.88E+02	2.91E+01
36.7	28.51	1.19	2.92E+01	7.89E+02	2.92E+01
36.8	28.43	1.19	2.92E+01	7.90E+02	2.92E+01
36.9	28.35	1.18	2.93E+01	7.91E+02	2.92E+01
37.0	28.26	1.18	2.93E+01	7.92E+02	2.93E+01
37.1	28.18	1.18	2.93E+01	7.93E+02	2.93E+01
37.2	28.09	1.17	2.94E+01	7.94E+02	2.94E+01
37.3	28.00	1.17	2.94E+01	7.95E+02	2.94E+01
37.4	27.92	1.17	2.95E+01	7.96E+02	2.94E+01
37.5	27.83	1.16	2.95E+01	7.97E+02	2.95E+01
37.6	27.74	1.16	2.95E+01	7.98E+02	2.95E+01
37.7	27.65	1.15	2.96E+01	7.99E+02	2.95E+01
37.8	27.56	1.15	2.96E+01	8.00E+02	2.96E+01
37.9	27.47	1.15	2.96E+01	8.01E+02	2.96E+01
38.0	27.38	1.14	2.97E+01	8.02E+02	2.97E+01
38.1	27.29	1.14	2.97E+01	8.03E+02	2.97E+01
38.2	27.19	1.14	2.98E+01	8.04E+02	2.97E+01
38.3	27.10	1.13	2.98E+01	8.05E+02	2.98E+01
38.4	27.00	1.13	2.98E+01	8.06E+02	2.98E+01
38.5	26.91	1.12	2.99E+01	8.07E+02	2.98E+01
38.6	26.81	1.12	2.99E+01	8.08E+02	2.99E+01
38.7	26.72	1.12	2.99E+01	8.09E+02	2.99E+01
38.8	26.62	1.11	3.00E+01	8.10E+02	3.00E+01
38.9	26.52	1.11	3.00E+01	8.11E+02	3.00E+01
39.0	26.42	1.10	3.01E+01	8.12E+02	3.00E+01
39.1	26.32	1.10	3.01E+01	8.13E+02	3.01E+01
39.2	26.22	1.10	3.01E+01	8.15E+02	3.01E+01
39.3	26.12	1.09	3.02E+01	8.16E+02	3.01E+01
39.4	26.02	1.09	3.02E+01	8.17E+02	3.02E+01
39.5	25.92	1.08	3.02E+01	8.18E+02	3.02E+01
39.6	25.82	1.08	3.03E+01	8.19E+02	3.03E+01
39.7	25.72	1.07	3.03E+01	8.20E+02	3.03E+01
39.8	25.62	1.07	3.04E+01	8.21E+02	3.03E+01
39.9	25.51	1.07	3.04E+01	8.22E+02	3.04E+01
40.0	25.41	1.07	3.04E+01	8.23E+02	3.04E+01
40.1	25.30	1.07	3.05E+01	8.24E+02	3.04E+01
40.2	25.20	1.06	3.05E+01	8.25E+02	3.05E+01
40.3	25.10	1.06	3.05E+01	8.25E+02	3.05E+01
40.4	24.99	1.05	3.06E+01	8.26E+02	3.06E+01
40.5	24.88	1.05	3.06E+01	8.27E+02	3.06E+01
40.6	24.78	1.04	3.07E+01	8.28E+02	3.06E+01
40.7	24.67	1.04	3.07E+01	8.29E+02	3.07E+01
40.8	24.57	1.04	3.07E+01	8.30E+02	3.07E+01
40.9	24.46	1.03	3.08E+01	8.31E+02	3.07E+01
41.0	24.35	1.03	3.08E+01	8.32E+02	3.08E+01
41.1	24.24	1.02	3.08E+01	8.33E+02	3.08E+01
41.2	24.14	1.02	3.09E+01	8.34E+02	3.08E+01
41.3	24.03	1.01	3.09E+01	8.35E+02	3.09E+01
41.4	23.92	1.01	3.09E+01	8.36E+02	3.09E+01
41.5	23.82	1.00	3.10E+01	8.37E+02	3.09E+01
41.6	23.71	1.00	3.10E+01	8.38E+02	3.10E+01
41.7	23.60	0.99	3.10E+01	8.39E+02	3.10E+01
41.8	23.49	0.99	3.11E+01	8.40E+02	3.11E+01
41.9	23.39	0.99	3.11E+01	8.41E+02	3.11E+01
42.0	23.28	0.98	3.12E+01	8.42E+02	3.11E+01
42.1	23.17	0.98	3.12E+01	8.43E+02	3.12E+01
42.2	23.07	0.97	3.12E+01	8.44E+02	3.12E+01
42.3	22.96	0.97	3.13E+01	8.45E+02	3.12E+01
42.4	22.85	0.96	3.13E+01	8.46E+02	3.13E+01
42.5	22.75	0.96	3.13E+01	8.47E+02	3.13E+01
42.6	22.64	0.95	3.14E+01	8.48E+02	3.13E+01
42.7	22.54	0.95	3.14E+01	8.49E+02	3.14E+01
42.8	22.43	0.95	3.14E+01	8.49E+02	3.14E+01
42.9	22.33	0.94	3.15E+01	8.50E+02	3.14E+01
43.0	22.22	0.94	3.15E+01	8.51E+02	3.15E+01
43.1	22.12	0.93	3.15E+01	8.52E+02	3.15E+01
43.2	22.02	0.93	3.16E+01	8.53E+02	3.15E+01
43.3	21.92	0.92	3.16E+01	8.54E+02	3.16E+01
43.4	21.81	0.92	3.16E+01	8.55E+02	3.16E+01
43.5	21.71	0.92	3.17E+01	8.56E+02	3.16E+01
43.6	21.61	0.91	3.17E+01	8.57E+02	3.17E+01
43.7	21.51	0.91	3.17E+01	8.58E+02	3.17E+01
43.8	21.41	0.90	3.18E+01	8.59E+02	3.17E+01
43.9	21.32	0.90	3.18E+01	8.60E+02	3.18E+01
44.0	21.22	0.89	3.18E+01	8.60E+02	3.18E+01
44.1	21.12	0.89	3.19E+01	8.61E+02	3.18E+01
44.2	21.03	0.89	3.19E+01	8.62E+02	3.19E+01
44.3	20.93	0.88	3.19E+01	8.63E+02	3.19E+01
44.4	20.84	0.88	3.20E+01	8.64E+02	3.19E+01
44.5	20.74	0.87	3.20E+01	8.65E+02	3.20E+01
44.6	20.65	0.87	3.20E+01	8.66E+02	3.20E+01
44.7	20.56	0.87	3.21E+01	8.67E+02	3.20E+01
44.8	20.47	0.86	3.21E+01	8.67E+02	3.21E+01
44.9	20.38	0.86	3.21E+01	8.68E+02	3.21E+01
45.0	20.29	0.87	3.22E+01	8.69E+02	3.21E+01
45.1	20.21	0.87	3.22E+01	8.70E+02	3.22E+01
45.2	20.12	0.86	3.22E+01	8.71E+02	3.22E+01
45.3	20.03	0.86	3.23E+01	8.72E+02	3.22E+01
45.4	19.95	0.86	3.23E+01	8.73E+02	3.23E+01
45.5	19.87	0.85	3.23E+01	8.74E+02	3.23E+01
45.6	19.79	0.85	3.24E+01	8.74E+02	3.23E+01
45.7	19.71	0.85	3.24E+01	8.75E+02	3.24E+01
45.8	19.63	0.84	3.24E+01	8.76E+02	3.24E+01
45.9	19.55	0.84	3.24E+01	8.77E+02	3.24E+01
46.0	19.47	0.84	3.25E+01	8.78E+02	3.25E+01
46.1	19.39	0.83	3.25E+01	8.79E+02	3.25E+01
46.2	19.32	0.83	3.25E+01	8.80E+02	3.25E+01
46.3	19.24	0.83	3.26E+01	8.80E+02	3.25E+01
46.4	19.17	0.82	3.26E+01	8.81E+02	3.26E+01
46.5	19.10	0.82	3.26E+01	8.82E+02	3.26E+01
46.6	19.02	0.82	3.27E+01	8.83E+02	3.26E+01
46.7	18.95	0.81	3.27E+01	8.84E+02	3.27E+01
46.8	18.88	0.81	3.27E+01	8.85E+02	3.27E+01
46.9	18.81	0.81	3.28E+01	8.85E+02	3.27E+01
47.0	18.74	0.80	3.28E+01	8.86E+02	3.28E+01
47.1	18.68	0.80	3.28E+01	8.87E+02	3.28E+01
47.2	18.61	0.80	3.29E+01	8.88E+02	3.28E+01
47.3	18.54	0.80	3.29E+01	8.89E+02	3.29E+01
47.4	18.48	0.79	3.29E+01	8.90E+02	3.29E+01
47.5	18.41	0.79	3.29E+01	8.90E+02	3.29E+01
47.6	18.35	0.79	3.30E+01	8.91E+02	3.29E+01
47.7	18.28	0.79	3.30E+01	8.92E+02	3.30E+01
47.8	18.22	0.78	3.30E+01	8.93E+02	3.30E+01
47.9	18.16	0.78	3.31E+01	8.94E+02	3.30E+01
48.0	18.10	0.78	3.31E+01	8.95E+02	3.31E+01
48.1	18.04	0.77	3.31E+01	8.95E+02	3.31E+01
48.2	17.98	0.77	3.32E+01	8.96E+02	3.31E+01
48.3	17.92	0.77	3.32E+01	8.97E+02	3.32E+01
48.4	17.86	0.77	3.32E+01	8.98E+02	3.32E+01
48.5	17.80	0.76	3.32E+01	8.99E+02	3.32E+01
48.6	17.74	0.76	3.33E+01	8.99E+02	3.32E+01
48.7	17.68	0.76	3.33E+01	9.00E+02	3.33E+01
48.8	17.62	0.76	3.33E+01	9.01E+02	3.33E+01
48.9	17.57	0.75	3.34E+01	9.02E+02	3.33E+01
49.0	17.51	0.75	3.34E+01	9.03E+02	3.34E+01
49.1	17.45	0.75	3.34E+01	9.03E+02	3.34E+01
49.2	17.40	0.75	3.35E+01	9.04E+02	3.34E+01
49.3	17.34	0.74	3.35E+01	9.05E+02	3.35E+01
49.4	17.29	0.74	3.35E+01	9.06E+02	3.35E+01
49.5	17.24	0.74	3.35E+01	9.07E+02	3.35E+01
49.6	17.18	0.74	3.36E+01	9.07E+02	3.35E+01
49.7	17.13	0.74	3.36E+01	9.08E+02	3.36E+01
49.8	17.07	0.73	3.36E+01	9.09E+02	3.36E+01
49.9	17.02	0.73	3.37E+01	9.10E+02	3.36E+01
50.0	16.97	0.75	3.37E+01	9.11E+02	3.37E+01
50.1	16.92	0.75	3.37E+01	9.11E+02	3.37E+01
50.2	16.86	0.75	3.37E+01	9.12E+02	3.37E+01
50.3	16.81	0.74	3.38E+01	9.13E+02	3.37E+01
50.4	16.76	0.74	3.38E+01	9.14E+02	3.38E+01
50.5	16.71	0.74	3.38E+01	9.14E+02	3.38E+01
50.6	16.66	0.74	3.39E+01	9.15E+02	3.38E+01
50.7	16.61	0.73	3.39E+01	9.16E+02	3.39E+01
50.8	16.56	0.73	3.39E+01	9.17E+02	3.39E+01
50.9	16.51	0.73	3.40E+01	9.18E+02	3.39E+01
51.0	16.46	0.73	3.40E+01	9.18E+02	3.39E+01
51.1	16.41	0.73	3.40E+01	9.19E+02	3.40E+01
51.2	16.36	0.72	3.40E+01	9.20E+02	3.40E+01
51.3	16.31	0.72	3.41E+01	9.21E+02	3.40E+01
51.4	16.26	0.72	3.41E+01	9.21E+02	3.41E+01
51.5	16.21	0.72	3.41E+01	9.22E+02	3.41E+01
51.6	16.16	0.71	3.42E+01	9.23E+02	3.41E+01
51.7	16.12	0.71	3.42E+01	9.24E+02	3.41E+01
51.8	16.07	0.71	3.42E+01	9.25E+02	3.42E+01
51.9	16.02	0.71	3.42E+01	9.25E+02	3.42E+01
52.0	15.97	0.71	3.43E+01	9.26E+02	3.42E+01
52.1	15.93	0.70	3.43E+01	9.27E+02	3.43E+01
52.2	15.88	0.70	3.43E+01	9.28E+02	3.43E+01
52.3	15.83	0.70	3.43E+01	9.28E+02	3.43E+01
52.4	15.79	0.70	3.44E+01	9.29E+02	3.43E+01
52.5	15.74	0.70	3.44E+01	9.30E+02	3.44E+01
52.6	15.70	0.69	3.44E+01	9.31E+02	3.44E+01
52.7	15.65	0.69	3.45E+01	9.31E+02	3.44E+01
52.8	15.61	0.69	3.45E+01	9.32E+02	3.45E+01
52.9	15.56	0.69	3.45E+01	9.33E+02	3.45E+01
53.0	15.52	0.69	3.45E+01	9.34E+02	3.45E+01
53.1	15.47	0.68	3.46E+01	9.34E+02	3.45E+01
53.2	15.43	0.68	3.46E+01	9.35E+02	3.46E+01
53.3	15.38	0.68	3.46E+01	9.36E+02	3.46E+01
53.4	15.34	0.68	3.47E+01	9.37E+02	3.46E+01
53.5	15.30	0.68	3.47E+01	9.37E+02	3.47E+01
53.6	15.25	0.67	3.47E+01	9.38E+02	3.47E+01
53.7	15.21	0.67	3.47E+01	9.39E+02	3.47E+01
53.8	15.17	0.67	3.48E+01	9.40E+02	3.47E+01
53.9	15.13	0.67	3.48E+01	9.40E+02	3.48E+01
54.0	15.08	0.67	3.48E+01	9.41E+02	3.48E+01
54.1	15.04	0.66	3.48E+01	9.42E+02	3.48E+01
54.2	15.00	0.66	3.49E+01	9.43E+02	3.48E+01
54.3	14.96	0.66	3.49E+01	9.43E+02	3.49E+01
54.4	14.92	0.66	3.49E+01	9.44E+02	3.49E+01
54.5	14.88	0.66	3.50E+01	9.45E+02	3.49E+01
54.6	14.84	0.66	3.50E+01	9.45E+02	3.50E+01
54.7	14.80	0.65	3.50E+01	9.46E+02	3.50E+01
54.8	14.76	0.65	3.50E+01	9.47E+02	3.50E+01
54.9	14.72	0.65	3.51E+01	9.48E+02	3.50E+01
55.0	14.68	0.65	3.51E+01	9.48E+02	3.51E+01
55.1	14.64	0.65	3.51E+01	9.49E+02	3.51E+01
55.2	14.60	0.65	3.51E+01	9.50E+02	3.51E+01
55.3	14.56	0.64	3.52E+01	9.51E+02	3.51E+01
55.4	14.52	0.64	3.52E+01	9.51E+02	3.52E+01
55.5	14.48	0.64	3.52E+01	9.52E+02	3.52E+01
55.6	14.45	0.64	3.53E+01	9.53E+02	3.52E+01
55.7	14.41	0.64	3.53E+01	9.53E+02	3.52E+01
55.8	14.37	0.64	3.53E+01	9.54E+02	3.53E+01
55.9	14.33	0.63	3.53E+01	9.55E+02	3.53E+01
56.0	14.30	0.63	3.54E+01	9.56E+02	3.53E+01
56.1	14.26	0.63	3.54E+01	9.56E+02	3.54E+01
56.2	14.22	0.63	3.54E+01	9.57E+02	3.54E+01
56.3	14.19	0.63	3.54E+01	9.58E+02	3.54E+01
56.4	14.15	0.63	3.55E+01	9.59E+02	3.54E+01
56.5	14.11	0.62	3.55E+01	9.59E+02	3.55E+01
56.6	14.08	0.62	3.55E+01	9.60E+02	3.55E+01
56.7	14.04	0.62	3.55E+01	9.61E+02	3.55E+01
56.8	14.01	0.62	3.56E+01	9.61E+02	3.55E+01
56.9	13.97	0.62	3.56E+01	9.62E+02	3.56E+01
57.0	13.94	0.62	3.56E+01	9.63E+02	3.56E+01
57.1	13.90	0.61	3.56E+01	9.64E+02	3.56E+01
57.2	13.87	0.61	3.57E+01	9.64E+02	3.56E+01
57.3	13.83	0.61	3.57E+01	9.65E+02	3.57E+01
57.4	13.80	0.61	3.57E+01	9.66E+02	3.57E+01
57.5	13.77	0.61	3.58E+01	9.66E+02	3.57E+01
57.6	13.73	0.61	3.58E+01	9.67E+02	3.57E+01
57.7	13.70	0.61	3.58E+01	9.68E+02	3.58E+01
57.8	13.67	0.60	3.58E+01	9.68E+02	3.58E+01
57.9	13.63	0.60	3.59E+01	9.69E+02	3.58E+01
58.0	13.60	0.60	3.59E+01	9.70E+02	3.59E+01
58.1	13.57	0.60	3.59E+01	9.71E+02	3.59E+01
58.2	13.53	0.60	3.59E+01	9.71E+02	3.59E+01
58.3	13.50	0.60	3.60E+01	9.72E+02	3.59E+01
58.4	13.47	0.60	3.60E+01	9.73E+02	3.60E+01
58.5	13.44	0.59	3.60E+01	9.73E+02	3.60E+01
58.6	13.41	0.59	3.60E+01	9.74E+02	3.60E+01
58.7	13.37	0.59	3.61E+01	9.75E+02	3.60E+01
58.8	13.34	0.59	3.61E+01	9.75E+02	3.61E+01
58.9	13.31	0.59	3.61E+01	9.76E+02	3.61E+01
59.0	13.28	0.59	3.61E+01	9.77E+02	3.61E+01
59.1	13.25	0.59	3.62E+01	9.78E+02	3.61E+01
59.2	13.22	0.58	3.62E+01	9.78E+02	3.62E+01
59.3	13.19	0.58	3.62E+01	9.79E+02	3.62E+01
59.4	13.16	0.58	3.62E+01	9.80E+02	3.62E+01
59.5	13.13	0.58	3.63E+01	9.80E+02	3.62E+01
59.6	13.10	0.58	3.63E+01	9.81E+02	3.63E+01
59.7	13.06	0.58	3.63E+01	9.82E+02	3.63E+01
59.8	13.03	0.58	3.63E+01	9.82E+02	3.63E+01
59.9	13.00	0.57	3.64E+01	9.83E+02	3.63E+01
60.0	12.98	0.61	3.64E+01	9.84E+02	3.64E+01
60.1	12.95	0.61	3.64E+01	9.84E+02	3.64E+01
60.2	12.92	0.61	3.65E+01	9.85E+02	3.64E+01
60.3	12.89	0.60	3.65E+01	9.86E+02	3.64E+01
60.4	12.86	0.60	3.65E+01	9.87E+02	3.65E+01
60.5	12.83	0.60	3.65E+01	9.87E+02	3.65E+01
60.6	12.80	0.60	3.66E+01	9.88E+02	3.65E+01
60.7	12.77	0.60	3.66E+01	9.89E+02	3.65E+01
60.8	12.74	0.60	3.66E+01	9.89E+02	3.66E+01
60.9	12.71	0.60	3.66E+01	9.90E+02	3.66E+01
61.0	12.68	0.59	3.67E+01	9.91E+02	3.66E+01
61.1	12.66	0.59	3.67E+01	9.91E+02	3.66E+01
61.2	12.63	0.59	3.67E+01	9.92E+02	3.67E+01
61.3	12.60	0.59	3.67E+01	9.93E+02	3.67E+01
61.4	12.57	0.59	3.68E+01	9.93E+02	3.67E+01
61.5	12.54	0.59	3.68E+01	9.94E+02	3.67E+01
61.6	12.52	0.59	3.68E+01	9.95E+02	3.68E+01
61.7	12.49	0.59	3.68E+01	9.95E+02	3.68E+01
61.8	12.46	0.58	3.69E+01	9.96E+02	3.68E+01
61.9	12.43	0.58	3.69E+01	9.97E+02	3.68E+01
62.0	12.41	0.58	3.69E+01	9.97E+02	3.69E+01
62.1	12.38	0.58	3.69E+01	9.98E+02	3.69E+01
62.2	12.35	0.58	3.70E+01	9.99E+02	3.69E+01
62.3	12.33	0.58	3.70E+01	9.99E+02	3.69E+01
62.4	12.30	0.58	3.70E+01	1.00E+03	3.70E+01
62.5	12.27	0.58	3.70E+01	1.00E+03	3.70E+01
62.6	12.25	0.57	3.71E+01	1.00E+03	3.70E+01
62.7	12.22	0.57	3.71E+01	1.00E+03	3.70E+01
62.8	12.19	0.57	3.71E+01	1.00E+03	3.71E+01
62.9	12.17	0.57	3.71E+01	1.00E+03	3.71E+01
63.0	12.14	0.57	3.72E+01	1.00E+03	3.71E+01
63.1	12.11	0.57	3.72E+01	1.00E+03	3.71E+01
63.2	12.09	0.57	3.72E+01	1.01E+03	3.72E+01
63.3	12.06	0.57	3.72E+01	1.01E+03	3.72E+01
63.4	12.04	0.56	3.73E+01	1.01E+03	3.72E+01
63.5	12.01	0.56	3.73E+01	1.01E+03	3.72E+01
63.6	11.99	0.56	3.73E+01	1.01E+03	3.73E+01
63.7	11.96	0.56	3.73E+01	1.01E+03	3.73E+01
63.8	11.94	0.56	3.74E+01	1.01E+03	3.73E+01
63.9	11.91	0.56	3.74E+01	1.01E+03	3.73E+01
64.0	11.89	0.56	3.74E+01	1.01E+03	3.74E+01
64.1	11.86	0.56	3.74E+01	1.01E+03	3.74E+01
64.2	11.84	0.56	3.74E+01	1.01E+03	3.74E+01
64.3	11.81	0.55	3.75E+01	1.01E+03	3.74E+01
64.4	11.79	0.55	3.75E+01	1.01E+03	3.75E+01
64.5	11.76	0.55	3.75E+01	1.01E+03	3.75E+01
64.6	11.74	0.55	3.75E+01	1.01E+03	3.75E+01
64.7	11.72	0.55	3.76E+01	1.02E+03	3.75E+01
64.8	11.69	0.55	3.76E+01	1.02E+03	3.76E+01
64.9	11.67	0.55	3.76E+01	1.02E+03	3.76E+01
65.0	11.64	0.55	3.76E+01	1.02E+03	3.76E+01
65.1	11.62	0.55	3.77E+01	1.02E+03	3.76E+01
65.2	11.60	0.54	3.77E+01	1.02E+03	3.77E+01
65.3	11.57	0.54	3.77E+01	1.02E+03	3.77E+01
65.4	11.55	0.54	3.77E+01	1.02E+03	3.77E+01
65.5	11.53	0.54	3.78E+01	1.02E+03	3.77E+01
65.6	11.50	0.54	3.78E+01	1.02E+03	3.78E+01
65.7	11.48	0.54	3.78E+01	1.02E+03	3.78E+01
65.8	11.46	0.54	3.78E+01	1.02E+03	3.78E+01
65.9	11.43	0.54	3.79E+01	1.02E+03	3.78E+01
66.0	11.41	0.54	3.79E+01	1.02E+03	3.79E+01
66.1	11.39	0.53	3.79E+01	1.02E+03	3.79E+01
66.2	11.36	0.53	3.79E+01	1.03E+03	3.79E+01
66.3	11.34	0.53	3.80E+01	1.03E+03	3.79E+01
66.4	11.32	0.53	3.80E+01	1.03E+03	3.79E+01
66.5	11.30	0.53	3.80E+01	1.03E+03	3.80E+01
66.6	11.28	0.53	3.80E+01	1.03E+03	3.80E+01
66.7	11.25	0.53	3.81E+01	1.03E+03	3.80E+01
66.8	11.23	0.53	3.81E+01	1.03E+03	3.80E+01
66.9	11.21	0.53	3.81E+01	1.03E+03	3.81E+01
67.0	11.19	0.52	3.81E+01	1.03E+03	3.81E+01
67.1	11.17	0.52	3.81E+01	1.03E+03	3.81E+01
67.2	11.14	0.52	3.82E+01	1.03E+03	3.81E+01
67.3	11.12	0.52	3.82E+01	1.03E+03	3.82E+01
67.4	11.10	0.52	3.82E+01	1.03E+03	3.82E+01
67.5	11.08	0.52	3.82E+01	1.03E+03	3.82E+01
67.6	11.06	0.52	3.83E+01	1.03E+03	3.82E+01
67.7	11.04	0.52	3.83E+01	1.03E+03	3.83E+01
67.8	11.02	0.52	3.83E+01	1.04E+03	3.83E+01
67.9	10.99	0.52	3.83E+01	1.04E+03	3.83E+01
68.0	10.97	0.51	3.84E+01	1.04E+03	3.83E+01
68.1	10.95	0.51	3.84E+01	1.04E+03	3.84E+01
68.2	10.93	0.51	3.84E+01	1.04E+03	3.84E+01
68.3	10.91	0.51	3.84E+01	1.04E+03	3.84E+01
68.4	10.89	0.51	3.85E+01	1.04E+03	3.84E+01
68.5	10.87	0.51	3.85E+01	1.04E+03	3.84E+01
68.6	10.85	0.51	3.85E+01	1.04E+03	3.85E+01
68.7	10.83	0.51	3.85E+01	1.04E+03	3.85E+01
68.8	10.81	0.51	3.86E+01	1.04E+03	3.85E+01
68.9	10.79	0.51	3.86E+01	1.04E+03	3.85E+01
69.0	10.77	0.51	3.86E+01	1.04E+03	3.86E+01
69.1	10.75	0.50	3.86E+01	1.04E+03	3.86E+01
69.2	10.73	0.50	3.86E+01	1.04E+03	3.86E+01
69.3	10.71	0.50	3.87E+01	1.05E+03	3.86E+01
69.4	10.69	0.50	3.87E+01	1.05E+03	3.87E+01
69.5	10.67	0.50	3.87E+01	1.05E+03	3.87E+01
69.6	10.65	0.50	3.87E+01	1.05E+03	3.87E+01
69.7	10.63	0.50	3.88E+01	1.05E+03	3.87E+01
69.8	10.61	0.50	3.88E+01	1.05E+03	3.88E+01
69.9	10.59	0.50	3.88E+01	1.05E+03	3.88E+01
70.0	10.57	0.55	3.88E+01	1.05E+03	3.88E+01
70.1	10.55	0.55	3.89E+01	1.05E+03	3.88E+01
70.2	10.53	0.55	3.89E+01	1.05E+03	3.88E+01
70.3	10.51	0.55	3.89E+01	1.05E+03	3.89E+01
70.4	10.49	0.55	3.89E+01	1.05E+03	3.89E+01
70.5	10.47	0.55	3.90E+01	1.05E+03	3.89E+01
70.6	10.45	0.54	3.90E+01	1.05E+03	3.89E+01
70.7	10.43	0.54	3.90E+01	1.05E+03	3.90E+01
70.8	10.42	0.54	3.90E+01	1.05E+03	3.90E+01
70.9	10.40	0.54	3.90E+01	1.06E+03	3.90E+01
71.0	10.38	0.54	3.91E+01	1.06E+03	3.90E+01
71.1	10.36	0.54	3.91E+01	1.06E+03	3.91E+01
71.2	10.34	0.54	3.91E+01	1.06E+03	3.91E+01
71.3	10.32	0.54	3.91E+01	1.06E+03	3.91E+01
71.4	10.30	0.54	3.92E+01	1.06E+03	3.91E+01
71.5	10.29	0.54	3.92E+01	1.06E+03	3.92E+01
71.6	10.27	0.53	3.92E+01	1.06E+03	3.92E+01
71.7	10.25	0.53	3.92E+01	1.06E+03	3.92E+01
71.8	10.23	0.53	3.93E+01	1.06E+03	3.92E+01
71.9	10.21	0.53	3.93E+01	1.06E+03	3.92E+01
72.0	10.19	0.53	3.93E+01	1.06E+03	3.93E+01
72.1	10.18	0.53	3.93E+01	1.06E+03	3.93E+01
72.2	10.16	0.53	3.93E+01	1.06E+03	3.93E+01
72.3	10.14	0.53	3.94E+01	1.06E+03	3.93E+01
72.4	10.12	0.53	3.94E+01	1.06E+03	3.94E+01
72.5	10.10	0.53	3.94E+01	1.07E+03	3.94E+01
72.6	10.09	0.52	3.94E+01	1.07E+03	3.94E+01
72.7	10.07	0.52	3.95E+01	1.07E+03	3.94E+01
72.8	10.05	0.52	3.95E+01	1.07E+03	3.95E+01
72.9	10.03	0.52	3.95E+01	1.07E+03	3.95E+01
73.0	10.02	0.52	3.95E+01	1.07E+03	3.95E+01
73.1	10.00	0.52	3.96E+01	1.07E+03	3.95E+01
73.2	9.98	0.52	3.96E+01	1.07E+03	3.95E+01
73.3	9.96	0.52	3.96E+01	1.07E+03	3.96E+01
73.4	9.95	0.52	3.96E+01	1.07E+03	3.96E+01
73.5	9.93	0.52	3.96E+01	1.07E+03	3.96E+01
73.6	9.91	0.52	3.97E+01	1.07E+03	3.96E+01
73.7	9.90	0.52	3.97E+01	1.07E+03	3.97E+01
73.8	9.88	0.51	3.97E+01	1.07E+03	3.97E+01
73.9	9.86	0.51	3.97E+01	1.07E+03	3.97E+01
74.0	9.85	0.51	3.98E+01	1.07E+03	3.97E+01
74.1	9.83	0.51	3.98E+01	1.08E+03	3.98E+01
74.2	9.81	0.51	3.98E+01	1.08E+03	3.98E+01
74.3	9.80	0.51	3.98E+01	1.08E+03	3.98E+01
74.4	9.78	0.51	3.99E+01	1.08E+03	3.98E+01
74.5	9.76	0.51	3.99E+01	1.08E+03	3.98E+01
74.6	9.75	0.51	3.99E+01	1.08E+03	3.99E+01
74.7	9.73	0.51	3.99E+01	1.08E+03	3.99E+01
74.8	9.71	0.51	3.99E+01	1.08E+03	3.99E+01
74.9	9.70	0.50	4.00E+01	1.08E+03	3.99E+01
75.0	9.68	0.50	4.00E+01	1.08E+03	4.00E+01
75.1	9.66	0.50	4.00E+01	1.08E+03	4.00E+01
75.2	9.65	0.50	4.00E+01	1.08E+03	4.00E+01
75.3	9.63	0.50	4.01E+01	1.08E+03	4.00E+01
75.4	9.62	0.50	4.01E+01	1.08E+03	4.00E+01
75.5	9.60	0.50	4.01E+01	1.08E+03	4.01E+01
75.6	9.58	0.50	4.01E+01	1.08E+03	4.01E+01
75.7	9.57	0.50	4.02E+01	1.09E+03	4.01E+01
75.8	9.55	0.50	4.02E+01	1.09E+03	4.01E+01
75.9	9.54	0.50	4.02E+01	1.09E+03	4.02E+01
76.0	9.52	0.50	4.02E+01	1.09E+03	4.02E+01
76.1	9.50	0.49	4.02E+01	1.09E+03	4.02E+01
76.2	9.49	0.49	4.03E+01	1.09E+03	4.02E+01
76.3	9.47	0.49	4.03E+01	1.09E+03	4.03E+01
76.4	9.46	0.49	4.03E+01	1.09E+03	4.03E+01
76.5	9.44	0.49	4.03E+01	1.09E+03	4.03E+01
76.6	9.43	0.49	4.04E+01	1.09E+03	4.03E+01
76.7	9.41	0.49	4.04E+01	1.09E+03	4.03E+01
76.8	9.40	0.49	4.04E+01	1.09E+03	4.04E+01
76.9	9.38	0.49	4.04E+01	1.09E+03	4.04E+01
77.0	9.37	0.49	4.04E+01	1.09E+03	4.04E+01
77.1	9.35	0.49	4.05E+01	1.09E+03	4.04E+01
77.2	9.34	0.49	4.05E+01	1.09E+03	4.05E+01
77.3	9.32	0.49	4.05E+01	1.10E+03	4.05E+01
77.4	9.31	0.48	4.05E+01	1.10E+03	4.05E+01
77.5	9.29	0.48	4.06E+01	1.10E+03	4.05E+01
77.6	9.28	0.48	4.06E+01	1.10E+03	4.05E+01
77.7	9.26	0.48	4.06E+01	1.10E+03	4.06E+01
77.8	9.25	0.48	4.06E+01	1.10E+03	4.06E+01
77.9	9.23	0.48	4.07E+01	1.10E+03	4.06E+01
78.0	9.22	0.48	4.07E+01	1.10E+03	4.06E+01
78.1	9.20	0.48	4.07E+01	1.10E+03	4.07E+01
78.2	9.19	0.48	4.07E+01	1.10E+03	4.07E+01
78.3	9.17	0.48	4.07E+01	1.10E+03	4.07E+01
78.4	9.16	0.48	4.08E+01	1.10E+03	4.07E+01
78.5	9.14	0.48	4.08E+01	1.10E+03	4.07E+01
78.6	9.13	0.48	4.08E+01	1.10E+03	4.08E+01
78.7	9.11	0.47	4.08E+01	1.10E+03	4.08E+01
78.8	9.10	0.47	4.09E+01	1.10E+03	4.08E+01
78.9	9.09	0.47	4.09E+01	1.10E+03	4.08E+01
79.0	9.07	0.47	4.09E+01	1.11E+03	4.09E+01
79.1	9.06	0.47	4.09E+01	1.11E+03	4.09E+01
79.2	9.04	0.47	4.09E+01	1.11E+03	4.09E+01
79.3	9.03	0.47	4.10E+01	1.11E+03	4.09E+01
79.4	9.01	0.47	4.10E+01	1.11E+03	4.09E+01
79.5	9.00	0.47	4.10E+01	1.11E+03	4.10E+01
79.6	8.99	0.47	4.10E+01	1.11E+03	4.10E+01
79.7	8.97	0.47	4.11E+01	1.11E+03	4.10E+01
79.8	8.96	0.47	4.11E+01	1.11E+03	4.10E+01
79.9	8.94	0.47	4.11E+01	1.11E+03	4.11E+01
80.0	8.93	0.52	4.11E+01	1.11E+03	4.11E+01
80.1	8.92	0.52	4.11E+01	1.11E+03	4.11E+01
80.2	8.90	0.52	4.12E+01	1.11E+03	4.11E+01
80.3	8.89	0.52	4.12E+01	1.11E+03	4.11E+01
80.4	8.88	0.52	4.12E+01	1.11E+03	4.12E+01
80.5	8.86	0.52	4.12E+01	1.11E+03	4.12E+01
80.6	8.85	0.52	4.13E+01	1.11E+03	4.12E+01
80.7	8.84	0.52	4.13E+01	1.12E+03	4.12E+01
80.8	8.82	0.52	4.13E+01	1.12E+03	4.13E+01
80.9	8.81	0.51	4.13E+01	1.12E+03	4.13E+01
81.0	8.79	0.51	4.13E+01	1.12E+03	4.13E+01
81.1	8.78	0.51	4.14E+01	1.12E+03	4.13E+01
81.2	8.77	0.51	4.14E+01	1.12E+03	4.13E+01
81.3	8.75	0.51	4.14E+01	1.12E+03	4.14E+01
81.4	8.74	0.51	4.14E+01	1.12E+03	4.14E+01
81.5	8.73	0.51	4.14E+01	1.12E+03	4.14E+01
81.6	8.71	0.51	4.15E+01	1.12E+03	4.14E+01
81.7	8.70	0.51	4.15E+01	1.12E+03	4.15E+01
81.8	8.69	0.51	4.15E+01	1.12E+03	4.15E+01
81.9	8.68	0.51	4.15E+01	1.12E+03	4.15E+01
82.0	8.66	0.51	4.16E+01	1.12E+03	4.15E+01
82.1	8.65	0.51	4.16E+01	1.12E+03	4.15E+01
82.2	8.64	0.50	4.16E+01	1.12E+03	4.16E+01
82.3	8.62	0.50	4.16E+01	1.12E+03	4.16E+01
82.4	8.61	0.50	4.16E+01	1.13E+03	4.16E+01
82.5	8.60	0.50	4.17E+01	1.13E+03	4.16E+01
82.6	8.59	0.50	4.17E+01	1.13E+03	4.17E+01
82.7	8.57	0.50	4.17E+01	1.13E+03	4.17E+01
82.8	8.56	0.50	4.17E+01	1.13E+03	4.17E+01
82.9	8.55	0.50	4.18E+01	1.13E+03	4.17E+01
83.0	8.53	0.50	4.18E+01	1.13E+03	4.17E+01
83.1	8.52	0.50	4.18E+01	1.13E+03	4.18E+01
83.2	8.51	0.50	4.18E+01	1.13E+03	4.18E+01
83.3	8.50	0.50	4.18E+01	1.13E+03	4.18E+01
83.4	8.48	0.50	4.19E+01	1.13E+03	4.18E+01
83.5	8.47	0.50	4.19E+01	1.13E+03	4.18E+01
83.6	8.46	0.49	4.19E+01	1.13E+03	4.19E+01
83.7	8.45	0.49	4.19E+01	1.13E+03	4.19E+01
83.8	8.43	0.49	4.19E+01	1.13E+03	4.19E+01
83.9	8.42	0.49	4.20E+01	1.13E+03	4.19E+01
84.0	8.41	0.49	4.20E+01	1.13E+03	4.20E+01
84.1	8.40	0.49	4.20E+01	1.14E+03	4.20E+01
84.2	8.39	0.49	4.20E+01	1.14E+03	4.20E+01
84.3	8.37	0.49	4.21E+01	1.14E+03	4.20E+01
84.4	8.36	0.49	4.21E+01	1.14E+03	4.20E+01
84.5	8.35	0.49	4.21E+01	1.14E+03	4.21E+01
84.6	8.34	0.49	4.21E+01	1.14E+03	4.21E+01
84.7	8.32	0.49	4.21E+01	1.14E+03	4.21E+01
84.8	8.31	0.49	4.22E+01	1.14E+03	4.21E+01
84.9	8.30	0.49	4.22E+01	1.14E+03	4.21E+01
85.0	8.29	0.48	4.22E+01	1.14E+03	4.22E+01
85.1	8.28	0.48	4.22E+01	1.14E+03	4.22E+01
85.2	8.27	0.48	4.22E+01	1.14E+03	4.22E+01
85.3	8.25	0.48	4.23E+01	1.14E+03	4.22E+01
85.4	8.24	0.48	4.23E+01	1.14E+03	4.23E+01
85.5	8.23	0.48	4.23E+01	1.14E+03	4.23E+01
85.6	8.22	0.48	4.23E+01	1.14E+03	4.23E+01
85.7	8.21	0.48	4.24E+01	1.14E+03	4.23E+01
85.8	8.19	0.48	4.24E+01	1.15E+03	4.23E+01
85.9	8.18	0.48	4.24E+01	1.15E+03	4.24E+01
86.0	8.17	0.48	4.24E+01	1.15E+03	4.24E+01
86.1	8.16	0.48	4.24E+01	1.15E+03	4.24E+01
86.2	8.15	0.48	4.25E+01	1.15E+03	4.24E+01
86.3	8.14	0.48	4.25E+01	1.15E+03	4.24E+01
86.4	8.13	0.47	4.25E+01	1.15E+03	4.25E+01
86.5	8.11	0.47	4.25E+01	1.15E+03	4.25E+01
86.6	8.10	0.47	4.25E+01	1.15E+03	4.25E+01
86.7	8.09	0.47	4.26E+01	1.15E+03	4.25E+01
86.8	8.08	0.47	4.26E+01	1.15E+03	4.26E+01
86.9	8.07	0.47	4.26E+01	1.15E+03	4.26E+01
87.0	8.06	0.47	4.26E+01	1.15E+03	4.26E+01
87.1	8.05	0.47	4.27E+01	1.15E+03	4.26E+01
87.2	8.04	0.47	4.27E+01	1.15E+03	4.26E+01
87.3	8.02	0.47	4.27E+01	1.15E+03	4.27E+01
87.4	8.01	0.47	4.27E+01	1.15E+03	4.27E+01
87.5	8.00	0.47	4.27E+01	1.16E+03	4.27E+01
87.6	7.99	0.47	4.28E+01	1.16E+03	4.27E+01
87.7	7.98	0.47	4.28E+01	1.16E+03	4.27E+01
87.8	7.97	0.47	4.28E+01	1.16E+03	4.28E+01
87.9	7.96	0.47	4.28E+01	1.16E+03	4.28E+01
88.0	7.95	0.46	4.28E+01	1.16E+03	4.28E+01
88.1	7.94	0.46	4.29E+01	1.16E+03	4.28E+01
88.2	7.93	0.46	4.29E+01	1.16E+03	4.28E+01
88.3	7.92	0.46	4.29E+01	1.16E+03	4.29E+01
88.4	7.90	0.46	4.29E+01	1.16E+03	4.29E+01
88.5	7.89	0.46	4.29E+01	1.16E+03	4.29E+01
88.6	7.88	0.46	4.30E+01	1.16E+03	4.29E+01
88.7	7.87	0.46	4.30E+01	1.16E+03	4.30E+01
88.8	7.86	0.46	4.30E+01	1.16E+03	4.30E+01
88.9	7.85	0.46	4.30E+01	1.16E+03	4.30E+01
89.0	7.84	0.46	4.31E+01	1.16E+03	4.30E+01
89.1	7.83	0.46	4.31E+01	1.16E+03	4.30E+01
89.2	7.82	0.46	4.31E+01	1.16E+03	4.31E+01
89.3	7.81	0.46	4.31E+01	1.17E+03	4.31E+01
89.4	7.80	0.46	4.31E+01	1.17E+03	4.31E+01
89.5	7.79	0.46	4.32E+01	1.17E+03	4.31E+01
89.6	7.78	0.45	4.32E+01	1.17E+03	4.31E+01
89.7	7.77	0.45	4.32E+01	1.17E+03	4.32E+01
89.8	7.76	0.45	4.32E+01	1.17E+03	4.32E+01
89.9	7.75	0.45	4.32E+01	1.17E+03	4.32E+01
90.0	7.74	0.51	4.33E+01	1.17E+03	4.32E+01
90.1	7.73	0.51	4.33E+01	1.17E+03	4.32E+01
90.2	7.72	0.51	4.33E+01	1.17E+03	4.33E+01
90.3	7.71	0.51	4.33E+01	1.17E+03	4.33E+01
90.4	7.70	0.51	4.33E+01	1.17E+03	4.33E+01
90.5	7.69	0.50	4.34E+01	1.17E+03	4.33E+01
90.6	7.68	0.50	4.34E+01	1.17E+03	4.33E+01
90.7	7.67	0.50	4.34E+01	1.17E+03	4.34E+01
90.8	7.66	0.50	4.34E+01	1.17E+03	4.34E+01
90.9	7.65	0.50	4.34E+01	1.17E+03	4.34E+01
91.0	7.64	0.50	4.35E+01	1.17E+03	4.34E+01
91.1	7.63	0.50	4.35E+01	1.18E+03	4.34E+01
91.2	7.62	0.50	4.35E+01	1.18E+03	4.35E+01
91.3	7.61	0.50	4.35E+01	1.18E+03	4.35E+01
91.4	7.60	0.50	4.35E+01	1.18E+03	4.35E+01
91.5	7.59	0.50	4.36E+01	1.18E+03	4.35E+01
91.6	7.58	0.50	4.36E+01	1.18E+03	4.36E+01
91.7	7.57	0.50	4.36E+01	1.18E+03	4.36E+01
91.8	7.56	0.50	4.36E+01	1.18E+03	4.36E+01
91.9	7.55	0.50	4.37E+01	1.18E+03	4.36E+01
92.0	7.54	0.50	4.37E+01	1.18E+03	4.36E+01
92.1	7.53	0.49	4.37E+01	1.18E+03	4.37E+01
92.2	7.52	0.49	4.37E+01	1.18E+03	4.37E+01
92.3	7.51	0.49	4.37E+01	1.18E+03	4.37E+01
92.4	7.50	0.49	4.38E+01	1.18E+03	4.37E+01
92.5	7.49	0.49	4.38E+01	1.18E+03	4.37E+01
92.6	7.48	0.49	4.38E+01	1.18E+03	4.38E+01
92.7	7.47	0.49	4.38E+01	1.18E+03	4.38E+01
92.8	7.46	0.49	4.38E+01	1.18E+03	4.38E+01
92.9	7.45	0.49	4.39E+01	1.19E+03	4.38E+01
93.0	7.45	0.49	4.39E+01	1.19E+03	4.38E+01
93.1	7.44	0.49	4.39E+01	1.19E+03	4.39E+01
93.2	7.43	0.49	4.39E+01	1.19E+03	4.39E+01
93.3	7.42	0.49	4.39E+01	1.19E+03	4.39E+01
93.4	7.41	0.49	4.40E+01	1.19E+03	4.39E+01
93.5	7.40	0.49	4.40E+01	1.19E+03	4.39E+01
93.6	7.39	0.49	4.40E+01	1.19E+03	4.40E+01
93.7	7.38	0.48	4.40E+01	1.19E+03	4.40E+01
93.8	7.37	0.48	4.40E+01	1.19E+03	4.40E+01
93.9	7.36	0.48	4.41E+01	1.19E+03	4.40E+01
94.0	7.35	0.48	4.41E+01	1.19E+03	4.40E+01
94.1	7.34	0.48	4.41E+01	1.19E+03	4.41E+01
94.2	7.33	0.48	4.41E+01	1.19E+03	4.41E+01
94.3	7.33	0.48	4.41E+01	1.19E+03	4.41E+01
94.4	7.32	0.48	4.42E+01	1.19E+03	4.41E+01
94.5	7.31	0.48	4.42E+01	1.19E+03	4.41E+01
94.6	7.30	0.48	4.42E+01	1.19E+03	4.42E+01
94.7	7.29	0.48	4.42E+01	1.20E+03	4.42E+01
94.8	7.28	0.48	4.42E+01	1.20E+03	4.42E+01
94.9	7.27	0.48	4.43E+01	1.20E+03	4.42E+01
95.0	7.26	0.48	4.43E+01	1.20E+03	4.42E+01
95.1	7.25	0.48	4.43E+01	1.20E+03	4.43E+01
95.2	7.24	0.48	4.43E+01	1.20E+03	4.43E+01
95.3	7.24	0.48	4.43E+01	1.20E+03	4.43E+01
95.4	7.23	0.47	4.44E+01	1.20E+03	4.43E+01
95.5	7.22	0.47	4.44E+01	1.20E+03	4.43E+01
95.6	7.21	0.47	4.44E+01	1.20E+03	4.44E+01
95.7	7.20	0.47	4.44E+01	1.20E+03	4.44E+01
95.8	7.19	0.47	4.44E+01	1.20E+03	4.44E+01
95.9	7.18	0.47	4.45E+01	1.20E+03	4.44E+01
96.0	7.17	0.47	4.45E+01	1.20E+03	4.44E+01
96.1	7.16	0.47	4.45E+01	1.20E+03	4.45E+01
96.2	7.16	0.47	4.45E+01	1.20E+03	4.45E+01
96.3	7.15	0.47	4.45E+01	1.20E+03	4.45E+01
96.4	7.14	0.47	4.46E+01	1.20E+03	4.45E+01
96.5	7.13	0.47	4.46E+01	1.20E+03	4.45E+01
96.6	7.12	0.47	4.46E+01	1.21E+03	4.46E+01
96.7	7.11	0.47	4.46E+01	1.21E+03	4.46E+01
96.8	7.10	0.47	4.46E+01	1.21E+03	4.46E+01
96.9	7.09	0.47	4.47E+01	1.21E+03	4.46E+01
97.0	7.09	0.47	4.47E+01	1.21E+03	4.46E+01
97.1	7.08	0.46	4.47E+01	1.21E+03	4.47E+01
97.2	7.07	0.46	4.47E+01	1.21E+03	4.47E+01
97.3	7.06	0.46	4.47E+01	1.21E+03	4.47E+01
97.4	7.05	0.46	4.48E+01	1.21E+03	4.47E+01
97.5	7.04	0.46	4.48E+01	1.21E+03	4.47E+01
97.6	7.03	0.46	4.48E+01	1.21E+03	4.48E+01
97.7	7.03	0.46	4.48E+01	1.21E+03	4.48E+01
97.8	7.02	0.46	4.48E+01	1.21E+03	4.48E+01
97.9	7.01	0.46	4.49E+01	1.21E+03	4.48E+01
98.0	7.00	0.46	4.49E+01	1.21E+03	4.48E+01
98.1	6.99	0.46	4.49E+01	1.21E+03	4.49E+01
98.2	6.98	0.46	4.49E+01	1.21E+03	4.49E+01
98.3	6.97	0.46	4.49E+01	1.21E+03	4.49E+01
98.4	6.96	0.46	4.50E+01	1.21E+03	4.49E+01
98.5	6.96	0.46	4.50E+01	1.22E+03	4.49E+01
98.6	6.95	0.46	4.50E+01	1.22E+03	4.50E+01
98.7	6.94	0.46	4.50E+01	1.22E+03	4.50E+01
98.8	6.93	0.46	4.50E+01	1.22E+03	4.50E+01
98.9	6.92	0.45	4.51E+01	1.22E+03	4.50E+01
99.0	6.91	0.45	4.51E+01	1.22E+03	4.50E+01
99.1	6.90	0.45	4.51E+01	1.22E+03	4.50E+01
99.2	6.90	0.45	4.51E+01	1.22E+03	4.51E+01
99.3	6.89	0.45	4.51E+01	1.22E+03	4.51E+01
99.4	6.88	0.45	4.51E+01	1.22E+03	4.51E+01
99.5	6.87	0.45	4.52E+01	1.22E+03	4.51E+01
99.6	6.86	0.45	4.52E+01	1.22E+03	4.51E+01
99.7	6.85	0.45	4.52E+01	1.22E+03	4.52E+01
99.8	6.84	0.45	4.52E+01	1.22E+03	4.52E+01
99.9	6.84	0.45	4.52E+01	1.22E+03	4.52E+01
100.0	6.83	0.50	4.53E+01	1.22E+03	4.52E+01
