natTi(p,x)46Sc


	fit	fit
Energy	Pade	Uncert.	Phys. yield	Phys. yield	1 h irrad.
MeV	mb	mb	(MBq/uAh)	(uCi/uAh)	(MBq/uA)
7.0	0.02	0.001	1.64E-06	4.44E-05	1.64E-03
7.1	0.04	0.001	4.26E-06	1.15E-04	4.26E-03
7.2	0.05	0.002	7.88E-06	2.13E-04	7.88E-03
7.3	0.06	0.002	1.25E-05	3.39E-04	1.25E-02
7.4	0.07	0.003	1.83E-05	4.94E-04	1.83E-02
7.5	0.09	0.004	2.51E-05	6.78E-04	2.51E-02
7.6	0.10	0.004	3.31E-05	8.94E-04	3.31E-02
7.7	0.12	0.005	4.22E-05	1.14E-03	4.22E-02
7.8	0.13	0.005	5.26E-05	1.42E-03	5.26E-02
7.9	0.14	0.006	6.43E-05	1.74E-03	6.42E-02
8.0	0.16	0.006	7.72E-05	2.09E-03	7.72E-02
8.1	0.17	0.007	9.14E-05	2.47E-03	9.14E-02
8.2	0.19	0.008	1.07E-04	2.89E-03	1.07E-01
8.3	0.20	0.008	1.24E-04	3.35E-03	1.24E-01
8.4	0.22	0.009	1.42E-04	3.85E-03	1.42E-01
8.5	0.23	0.009	1.62E-04	4.39E-03	1.62E-01
8.6	0.25	0.010	1.84E-04	4.97E-03	1.84E-01
8.7	0.27	0.011	2.07E-04	5.59E-03	2.07E-01
8.8	0.28	0.011	2.31E-04	6.25E-03	2.31E-01
8.9	0.30	0.012	2.58E-04	6.96E-03	2.58E-01
9.0	0.32	0.035	2.86E-04	7.72E-03	2.86E-01
9.1	0.33	0.037	3.15E-04	8.52E-03	3.15E-01
9.2	0.35	0.039	3.47E-04	9.37E-03	3.47E-01
9.3	0.37	0.041	3.80E-04	1.03E-02	3.80E-01
9.4	0.39	0.043	4.16E-04	1.12E-02	4.15E-01
9.5	0.41	0.045	4.53E-04	1.22E-02	4.53E-01
9.6	0.42	0.047	4.92E-04	1.33E-02	4.92E-01
9.7	0.44	0.049	5.33E-04	1.44E-02	5.33E-01
9.8	0.46	0.051	5.77E-04	1.56E-02	5.77E-01
9.9	0.48	0.053	6.22E-04	1.68E-02	6.22E-01
10.0	0.50	0.055	6.70E-04	1.81E-02	6.70E-01
10.1	0.52	0.057	7.20E-04	1.95E-02	7.20E-01
10.2	0.54	0.060	7.73E-04	2.09E-02	7.72E-01
10.3	0.56	0.062	8.27E-04	2.24E-02	8.27E-01
10.4	0.58	0.064	8.85E-04	2.39E-02	8.84E-01
10.5	0.61	0.067	9.44E-04	2.55E-02	9.44E-01
10.6	0.63	0.069	1.01E-03	2.72E-02	1.01E+00
10.7	0.65	0.071	1.07E-03	2.90E-02	1.07E+00
10.8	0.67	0.074	1.14E-03	3.08E-02	1.14E+00
10.9	0.69	0.076	1.21E-03	3.27E-02	1.21E+00
11.0	0.72	0.074	1.28E-03	3.47E-02	1.28E+00
11.1	0.74	0.076	1.36E-03	3.67E-02	1.36E+00
11.2	0.77	0.079	1.44E-03	3.89E-02	1.44E+00
11.3	0.79	0.081	1.52E-03	4.11E-02	1.52E+00
11.4	0.81	0.084	1.60E-03	4.34E-02	1.60E+00
11.5	0.84	0.087	1.69E-03	4.58E-02	1.69E+00
11.6	0.86	0.089	1.78E-03	4.82E-02	1.78E+00
11.7	0.89	0.092	1.88E-03	5.08E-02	1.88E+00
11.8	0.92	0.094	1.98E-03	5.35E-02	1.98E+00
11.9	0.94	0.10	2.08E-03	5.62E-02	2.08E+00
12.0	0.97	0.10	2.18E-03	5.90E-02	2.18E+00
12.1	1.00	0.10	2.29E-03	6.20E-02	2.29E+00
12.2	1.02	0.11	2.41E-03	6.50E-02	2.41E+00
12.3	1.05	0.11	2.52E-03	6.82E-02	2.52E+00
12.4	1.08	0.11	2.64E-03	7.14E-02	2.64E+00
12.5	1.11	0.11	2.77E-03	7.48E-02	2.77E+00
12.6	1.14	0.12	2.89E-03	7.82E-02	2.89E+00
12.7	1.17	0.12	3.03E-03	8.18E-02	3.03E+00
12.8	1.20	0.12	3.16E-03	8.55E-02	3.16E+00
12.9	1.23	0.13	3.30E-03	8.93E-02	3.30E+00
13.0	1.26	0.10	3.45E-03	9.32E-02	3.45E+00
13.1	1.29	0.10	3.60E-03	9.73E-02	3.60E+00
13.2	1.32	0.11	3.75E-03	1.01E-01	3.75E+00
13.3	1.35	0.11	3.91E-03	1.06E-01	3.91E+00
13.4	1.39	0.11	4.07E-03	1.10E-01	4.07E+00
13.5	1.42	0.11	4.24E-03	1.15E-01	4.24E+00
13.6	1.45	0.12	4.42E-03	1.19E-01	4.42E+00
13.7	1.49	0.12	4.59E-03	1.24E-01	4.59E+00
13.8	1.52	0.12	4.78E-03	1.29E-01	4.78E+00
13.9	1.56	0.13	4.97E-03	1.34E-01	4.97E+00
14.0	1.59	0.13	5.16E-03	1.39E-01	5.16E+00
14.1	1.63	0.13	5.36E-03	1.45E-01	5.36E+00
14.2	1.67	0.13	5.56E-03	1.50E-01	5.56E+00
14.3	1.70	0.14	5.78E-03	1.56E-01	5.77E+00
14.4	1.74	0.14	5.99E-03	1.62E-01	5.99E+00
14.5	1.78	0.14	6.21E-03	1.68E-01	6.21E+00
14.6	1.82	0.15	6.44E-03	1.74E-01	6.44E+00
14.7	1.86	0.15	6.68E-03	1.80E-01	6.68E+00
14.8	1.90	0.15	6.92E-03	1.87E-01	6.92E+00
14.9	1.94	0.16	7.17E-03	1.94E-01	7.16E+00
15.0	1.98	0.12	7.42E-03	2.01E-01	7.42E+00
15.1	2.02	0.12	7.68E-03	2.08E-01	7.68E+00
15.2	2.06	0.12	7.95E-03	2.15E-01	7.95E+00
15.3	2.10	0.13	8.22E-03	2.22E-01	8.22E+00
15.4	2.15	0.13	8.51E-03	2.30E-01	8.51E+00
15.5	2.19	0.13	8.80E-03	2.38E-01	8.80E+00
15.6	2.24	0.14	9.09E-03	2.46E-01	9.09E+00
15.7	2.28	0.14	9.40E-03	2.54E-01	9.40E+00
15.8	2.33	0.14	9.71E-03	2.63E-01	9.71E+00
15.9	2.37	0.14	1.00E-02	2.71E-01	1.00E+01
16.0	2.42	0.15	1.04E-02	2.80E-01	1.04E+01
16.1	2.47	0.15	1.07E-02	2.89E-01	1.07E+01
16.2	2.51	0.15	1.11E-02	2.99E-01	1.11E+01
16.3	2.56	0.16	1.14E-02	3.08E-01	1.14E+01
16.4	2.61	0.16	1.18E-02	3.18E-01	1.18E+01
16.5	2.66	0.16	1.21E-02	3.28E-01	1.21E+01
16.6	2.71	0.16	1.25E-02	3.39E-01	1.25E+01
16.7	2.76	0.17	1.29E-02	3.49E-01	1.29E+01
16.8	2.81	0.17	1.33E-02	3.60E-01	1.33E+01
16.9	2.87	0.17	1.37E-02	3.71E-01	1.37E+01
17.0	2.92	0.18	1.41E-02	3.82E-01	1.41E+01
17.1	2.97	0.18	1.46E-02	3.93E-01	1.46E+01
17.2	3.02	0.18	1.50E-02	4.05E-01	1.50E+01
17.3	3.08	0.19	1.54E-02	4.17E-01	1.54E+01
17.4	3.13	0.19	1.59E-02	4.29E-01	1.59E+01
17.5	3.19	0.19	1.63E-02	4.41E-01	1.63E+01
17.6	3.25	0.20	1.68E-02	4.54E-01	1.68E+01
17.7	3.30	0.20	1.73E-02	4.67E-01	1.73E+01
17.8	3.36	0.20	1.77E-02	4.80E-01	1.77E+01
17.9	3.42	0.21	1.82E-02	4.93E-01	1.82E+01
18.0	3.48	0.21	1.87E-02	5.07E-01	1.87E+01
18.1	3.54	0.21	1.93E-02	5.21E-01	1.93E+01
18.2	3.60	0.22	1.98E-02	5.35E-01	1.98E+01
18.3	3.66	0.22	2.03E-02	5.50E-01	2.03E+01
18.4	3.72	0.23	2.09E-02	5.65E-01	2.09E+01
18.5	3.78	0.23	2.15E-02	5.80E-01	2.15E+01
18.6	3.84	0.23	2.20E-02	5.96E-01	2.20E+01
18.7	3.91	0.24	2.26E-02	6.12E-01	2.26E+01
18.8	3.97	0.24	2.32E-02	6.28E-01	2.32E+01
18.9	4.04	0.24	2.39E-02	6.45E-01	2.39E+01
19.0	4.10	0.25	2.45E-02	6.62E-01	2.45E+01
19.1	4.17	0.25	2.51E-02	6.79E-01	2.51E+01
19.2	4.23	0.26	2.58E-02	6.97E-01	2.58E+01
19.3	4.30	0.26	2.65E-02	7.16E-01	2.65E+01
19.4	4.36	0.26	2.72E-02	7.34E-01	2.72E+01
19.5	4.43	0.27	2.79E-02	7.53E-01	2.79E+01
19.6	4.50	0.27	2.86E-02	7.72E-01	2.86E+01
19.7	4.57	0.28	2.93E-02	7.92E-01	2.93E+01
19.8	4.64	0.28	3.01E-02	8.12E-01	3.00E+01
19.9	4.71	0.28	3.08E-02	8.33E-01	3.08E+01
20.0	4.78	0.21	3.16E-02	8.54E-01	3.16E+01
20.1	4.85	0.22	3.24E-02	8.75E-01	3.24E+01
20.2	4.92	0.22	3.32E-02	8.97E-01	3.32E+01
20.3	4.99	0.22	3.40E-02	9.19E-01	3.40E+01
20.4	5.06	0.23	3.48E-02	9.42E-01	3.48E+01
20.5	5.13	0.23	3.57E-02	9.64E-01	3.57E+01
20.6	5.20	0.23	3.66E-02	9.88E-01	3.65E+01
20.7	5.27	0.24	3.74E-02	1.01E+00	3.74E+01
20.8	5.35	0.24	3.83E-02	1.04E+00	3.83E+01
20.9	5.42	0.24	3.92E-02	1.06E+00	3.92E+01
21.0	5.49	0.25	4.02E-02	1.09E+00	4.02E+01
21.1	5.57	0.25	4.11E-02	1.11E+00	4.11E+01
21.2	5.64	0.25	4.21E-02	1.14E+00	4.21E+01
21.3	5.71	0.26	4.31E-02	1.16E+00	4.30E+01
21.4	5.79	0.26	4.41E-02	1.19E+00	4.40E+01
21.5	5.86	0.26	4.51E-02	1.22E+00	4.51E+01
21.6	5.93	0.27	4.61E-02	1.25E+00	4.61E+01
21.7	6.01	0.27	4.71E-02	1.27E+00	4.71E+01
21.8	6.08	0.27	4.82E-02	1.30E+00	4.82E+01
21.9	6.15	0.28	4.93E-02	1.33E+00	4.93E+01
22.0	6.23	0.28	5.04E-02	1.36E+00	5.03E+01
22.1	6.30	0.28	5.15E-02	1.39E+00	5.15E+01
22.2	6.37	0.29	5.26E-02	1.42E+00	5.26E+01
22.3	6.44	0.29	5.37E-02	1.45E+00	5.37E+01
22.4	6.52	0.29	5.49E-02	1.48E+00	5.49E+01
22.5	6.59	0.29	5.61E-02	1.52E+00	5.61E+01
22.6	6.66	0.30	5.73E-02	1.55E+00	5.72E+01
22.7	6.73	0.30	5.85E-02	1.58E+00	5.85E+01
22.8	6.80	0.30	5.97E-02	1.61E+00	5.97E+01
22.9	6.87	0.31	6.09E-02	1.65E+00	6.09E+01
23.0	6.94	0.31	6.22E-02	1.68E+00	6.22E+01
23.1	7.01	0.31	6.35E-02	1.72E+00	6.34E+01
23.2	7.08	0.32	6.47E-02	1.75E+00	6.47E+01
23.3	7.15	0.32	6.61E-02	1.79E+00	6.60E+01
23.4	7.22	0.32	6.74E-02	1.82E+00	6.74E+01
23.5	7.28	0.33	6.87E-02	1.86E+00	6.87E+01
23.6	7.35	0.33	7.01E-02	1.89E+00	7.01E+01
23.7	7.41	0.33	7.14E-02	1.93E+00	7.14E+01
23.8	7.48	0.33	7.28E-02	1.97E+00	7.28E+01
23.9	7.54	0.34	7.42E-02	2.01E+00	7.42E+01
24.0	7.61	0.34	7.57E-02	2.04E+00	7.56E+01
24.1	7.67	0.34	7.71E-02	2.08E+00	7.71E+01
24.2	7.73	0.35	7.85E-02	2.12E+00	7.85E+01
24.3	7.79	0.35	8.00E-02	2.16E+00	8.00E+01
24.4	7.85	0.35	8.15E-02	2.20E+00	8.15E+01
24.5	7.91	0.35	8.30E-02	2.24E+00	8.30E+01
24.6	7.97	0.36	8.45E-02	2.28E+00	8.45E+01
24.7	8.02	0.36	8.60E-02	2.33E+00	8.60E+01
24.8	8.08	0.36	8.76E-02	2.37E+00	8.76E+01
24.9	8.14	0.36	8.91E-02	2.41E+00	8.91E+01
25.0	8.19	0.36	9.07E-02	2.45E+00	9.07E+01
25.1	8.24	0.36	9.23E-02	2.50E+00	9.23E+01
25.2	8.30	0.36	9.39E-02	2.54E+00	9.39E+01
25.3	8.35	0.36	9.55E-02	2.58E+00	9.55E+01
25.4	8.40	0.37	9.72E-02	2.63E+00	9.72E+01
25.5	8.45	0.37	9.88E-02	2.67E+00	9.88E+01
25.6	8.51	0.37	1.01E-01	2.72E+00	1.00E+02
25.7	8.56	0.37	1.02E-01	2.76E+00	1.02E+02
25.8	8.61	0.38	1.04E-01	2.81E+00	1.04E+02
25.9	8.66	0.38	1.06E-01	2.85E+00	1.06E+02
26.0	8.71	0.38	1.07E-01	2.90E+00	1.07E+02
26.1	8.76	0.38	1.09E-01	2.95E+00	1.09E+02
26.2	8.82	0.38	1.11E-01	3.00E+00	1.11E+02
26.3	8.87	0.39	1.13E-01	3.04E+00	1.13E+02
26.4	8.92	0.39	1.14E-01	3.09E+00	1.14E+02
26.5	8.98	0.39	1.16E-01	3.14E+00	1.16E+02
26.6	9.03	0.39	1.18E-01	3.19E+00	1.18E+02
26.7	9.09	0.40	1.20E-01	3.24E+00	1.20E+02
26.8	9.15	0.40	1.22E-01	3.29E+00	1.22E+02
26.9	9.21	0.40	1.24E-01	3.34E+00	1.24E+02
27.0	9.27	0.40	1.26E-01	3.39E+00	1.25E+02
27.1	9.34	0.41	1.27E-01	3.44E+00	1.27E+02
27.2	9.40	0.41	1.29E-01	3.50E+00	1.29E+02
27.3	9.47	0.41	1.31E-01	3.55E+00	1.31E+02
27.4	9.54	0.42	1.33E-01	3.60E+00	1.33E+02
27.5	9.62	0.42	1.35E-01	3.66E+00	1.35E+02
27.6	9.70	0.42	1.37E-01	3.71E+00	1.37E+02
27.7	9.78	0.43	1.39E-01	3.77E+00	1.39E+02
27.8	9.87	0.43	1.41E-01	3.82E+00	1.41E+02
27.9	9.96	0.43	1.43E-01	3.88E+00	1.43E+02
28.0	10.06	0.44	1.46E-01	3.94E+00	1.46E+02
28.1	10.16	0.44	1.48E-01	3.99E+00	1.48E+02
28.2	10.26	0.45	1.50E-01	4.05E+00	1.50E+02
28.3	10.37	0.45	1.52E-01	4.11E+00	1.52E+02
28.4	10.49	0.46	1.54E-01	4.17E+00	1.54E+02
28.5	10.61	0.46	1.57E-01	4.23E+00	1.57E+02
28.6	10.74	0.47	1.59E-01	4.29E+00	1.59E+02
28.7	10.87	0.47	1.61E-01	4.36E+00	1.61E+02
28.8	11.01	0.48	1.64E-01	4.42E+00	1.64E+02
28.9	11.16	0.49	1.66E-01	4.49E+00	1.66E+02
29.0	11.32	0.49	1.68E-01	4.55E+00	1.68E+02
29.1	11.48	0.50	1.71E-01	4.62E+00	1.71E+02
29.2	11.65	0.51	1.73E-01	4.69E+00	1.73E+02
29.3	11.82	0.52	1.76E-01	4.76E+00	1.76E+02
29.4	12.00	0.52	1.79E-01	4.83E+00	1.79E+02
29.5	12.19	0.53	1.81E-01	4.90E+00	1.81E+02
29.6	12.39	0.54	1.84E-01	4.97E+00	1.84E+02
29.7	12.60	0.55	1.87E-01	5.05E+00	1.87E+02
29.8	12.81	0.56	1.89E-01	5.12E+00	1.89E+02
29.9	13.04	0.57	1.92E-01	5.20E+00	1.92E+02
30.0	13.27	0.56	1.95E-01	5.28E+00	1.95E+02
30.1	13.50	0.57	1.98E-01	5.36E+00	1.98E+02
30.2	13.75	0.58	2.01E-01	5.44E+00	2.01E+02
30.3	14.01	0.59	2.04E-01	5.52E+00	2.04E+02
30.4	14.27	0.60	2.08E-01	5.61E+00	2.07E+02
30.5	14.54	0.61	2.11E-01	5.70E+00	2.11E+02
30.6	14.82	0.62	2.14E-01	5.78E+00	2.14E+02
30.7	15.11	0.63	2.17E-01	5.88E+00	2.17E+02
30.8	15.40	0.64	2.21E-01	5.97E+00	2.21E+02
30.9	15.71	0.66	2.24E-01	6.06E+00	2.24E+02
31.0	16.02	0.67	2.28E-01	6.16E+00	2.28E+02
31.1	16.34	0.68	2.32E-01	6.26E+00	2.32E+02
31.2	16.67	0.70	2.35E-01	6.36E+00	2.35E+02
31.3	17.01	0.71	2.39E-01	6.46E+00	2.39E+02
31.4	17.35	0.73	2.43E-01	6.57E+00	2.43E+02
31.5	17.70	0.74	2.47E-01	6.68E+00	2.47E+02
31.6	18.06	0.76	2.51E-01	6.79E+00	2.51E+02
31.7	18.42	0.77	2.55E-01	6.90E+00	2.55E+02
31.8	18.80	0.79	2.60E-01	7.02E+00	2.60E+02
31.9	19.18	0.80	2.64E-01	7.14E+00	2.64E+02
32.0	19.57	0.82	2.69E-01	7.26E+00	2.68E+02
32.1	19.96	0.84	2.73E-01	7.38E+00	2.73E+02
32.2	20.36	0.85	2.78E-01	7.51E+00	2.78E+02
32.3	20.77	0.87	2.83E-01	7.64E+00	2.83E+02
32.4	21.18	0.89	2.87E-01	7.77E+00	2.87E+02
32.5	21.60	0.90	2.92E-01	7.91E+00	2.92E+02
32.6	22.03	0.92	2.98E-01	8.04E+00	2.98E+02
32.7	22.46	0.94	3.03E-01	8.19E+00	3.03E+02
32.8	22.89	0.96	3.08E-01	8.33E+00	3.08E+02
32.9	23.33	0.98	3.14E-01	8.48E+00	3.14E+02
33.0	23.78	1.00	3.19E-01	8.63E+00	3.19E+02
33.1	24.23	1.01	3.25E-01	8.78E+00	3.25E+02
33.2	24.69	1.03	3.31E-01	8.94E+00	3.31E+02
33.3	25.15	1.05	3.37E-01	9.10E+00	3.37E+02
33.4	25.61	1.07	3.43E-01	9.26E+00	3.43E+02
33.5	26.08	1.09	3.49E-01	9.43E+00	3.49E+02
33.6	26.55	1.11	3.55E-01	9.60E+00	3.55E+02
33.7	27.03	1.13	3.62E-01	9.78E+00	3.62E+02
33.8	27.51	1.15	3.68E-01	9.96E+00	3.68E+02
33.9	27.99	1.17	3.75E-01	1.01E+01	3.75E+02
34.0	28.48	1.19	3.82E-01	1.03E+01	3.82E+02
34.1	28.96	1.21	3.89E-01	1.05E+01	3.89E+02
34.2	29.45	1.23	3.96E-01	1.07E+01	3.96E+02
34.3	29.95	1.25	4.03E-01	1.09E+01	4.03E+02
34.4	30.44	1.27	4.11E-01	1.11E+01	4.11E+02
34.5	30.94	1.29	4.18E-01	1.13E+01	4.18E+02
34.6	31.44	1.32	4.26E-01	1.15E+01	4.26E+02
34.7	31.94	1.34	4.34E-01	1.17E+01	4.34E+02
34.8	32.44	1.36	4.42E-01	1.19E+01	4.42E+02
34.9	32.95	1.38	4.50E-01	1.22E+01	4.50E+02
35.0	33.45	1.37	4.58E-01	1.24E+01	4.58E+02
35.1	33.95	1.39	4.66E-01	1.26E+01	4.66E+02
35.2	34.46	1.41	4.75E-01	1.28E+01	4.75E+02
35.3	34.96	1.44	4.84E-01	1.31E+01	4.84E+02
35.4	35.47	1.46	4.92E-01	1.33E+01	4.92E+02
35.5	35.97	1.48	5.01E-01	1.36E+01	5.01E+02
35.6	36.48	1.50	5.11E-01	1.38E+01	5.11E+02
35.7	36.98	1.52	5.20E-01	1.41E+01	5.20E+02
35.8	37.48	1.54	5.29E-01	1.43E+01	5.29E+02
35.9	37.98	1.56	5.39E-01	1.46E+01	5.39E+02
36.0	38.48	1.58	5.49E-01	1.48E+01	5.49E+02
36.1	38.98	1.60	5.58E-01	1.51E+01	5.58E+02
36.2	39.48	1.62	5.68E-01	1.54E+01	5.68E+02
36.3	39.97	1.64	5.79E-01	1.56E+01	5.79E+02
36.4	40.47	1.66	5.89E-01	1.59E+01	5.89E+02
36.5	40.96	1.68	5.99E-01	1.62E+01	5.99E+02
36.6	41.44	1.70	6.10E-01	1.65E+01	6.10E+02
36.7	41.93	1.72	6.21E-01	1.68E+01	6.21E+02
36.8	42.41	1.74	6.32E-01	1.71E+01	6.32E+02
36.9	42.89	1.76	6.43E-01	1.74E+01	6.43E+02
37.0	43.37	1.78	6.54E-01	1.77E+01	6.54E+02
37.1	43.84	1.80	6.65E-01	1.80E+01	6.65E+02
37.2	44.31	1.82	6.77E-01	1.83E+01	6.77E+02
37.3	44.78	1.84	6.89E-01	1.86E+01	6.89E+02
37.4	45.24	1.86	7.00E-01	1.89E+01	7.00E+02
37.5	45.70	1.88	7.12E-01	1.93E+01	7.12E+02
37.6	46.15	1.89	7.24E-01	1.96E+01	7.24E+02
37.7	46.60	1.91	7.37E-01	1.99E+01	7.37E+02
37.8	47.04	1.93	7.49E-01	2.02E+01	7.49E+02
37.9	47.48	1.95	7.62E-01	2.06E+01	7.62E+02
38.0	47.92	1.97	7.74E-01	2.09E+01	7.74E+02
38.1	48.35	1.98	7.87E-01	2.13E+01	7.87E+02
38.2	48.77	2.00	8.00E-01	2.16E+01	8.00E+02
38.3	49.19	2.02	8.13E-01	2.20E+01	8.13E+02
38.4	49.61	2.04	8.27E-01	2.23E+01	8.26E+02
38.5	50.02	2.05	8.40E-01	2.27E+01	8.40E+02
38.6	50.42	2.07	8.53E-01	2.31E+01	8.53E+02
38.7	50.82	2.09	8.67E-01	2.34E+01	8.67E+02
38.8	51.21	2.10	8.81E-01	2.38E+01	8.81E+02
38.9	51.60	2.12	8.95E-01	2.42E+01	8.95E+02
39.0	51.98	2.13	9.09E-01	2.46E+01	9.09E+02
39.1	52.36	2.15	9.23E-01	2.49E+01	9.23E+02
39.2	52.73	2.16	9.37E-01	2.53E+01	9.37E+02
39.3	53.09	2.18	9.52E-01	2.57E+01	9.52E+02
39.4	53.45	2.19	9.66E-01	2.61E+01	9.66E+02
39.5	53.80	2.21	9.81E-01	2.65E+01	9.81E+02
39.6	54.14	2.22	9.96E-01	2.69E+01	9.96E+02
39.7	54.48	2.24	1.01E+00	2.73E+01	1.01E+03
39.8	54.81	2.25	1.03E+00	2.77E+01	1.03E+03
39.9	55.14	2.26	1.04E+00	2.81E+01	1.04E+03
40.0	55.46	2.27	1.06E+00	2.86E+01	1.06E+03
40.1	55.77	2.29	1.07E+00	2.90E+01	1.07E+03
40.2	56.07	2.30	1.09E+00	2.94E+01	1.09E+03
40.3	56.37	2.31	1.10E+00	2.98E+01	1.10E+03
40.4	56.66	2.32	1.12E+00	3.02E+01	1.12E+03
40.5	56.95	2.34	1.13E+00	3.07E+01	1.13E+03
40.6	57.23	2.35	1.15E+00	3.11E+01	1.15E+03
40.7	57.50	2.36	1.17E+00	3.15E+01	1.17E+03
40.8	57.76	2.37	1.18E+00	3.20E+01	1.18E+03
40.9	58.02	2.38	1.20E+00	3.24E+01	1.20E+03
41.0	58.27	2.39	1.22E+00	3.29E+01	1.22E+03
41.1	58.52	2.40	1.23E+00	3.33E+01	1.23E+03
41.2	58.76	2.41	1.25E+00	3.38E+01	1.25E+03
41.3	58.99	2.42	1.27E+00	3.42E+01	1.27E+03
41.4	59.22	2.43	1.28E+00	3.47E+01	1.28E+03
41.5	59.44	2.44	1.30E+00	3.51E+01	1.30E+03
41.6	59.65	2.45	1.32E+00	3.56E+01	1.32E+03
41.7	59.85	2.46	1.33E+00	3.61E+01	1.33E+03
41.8	60.05	2.46	1.35E+00	3.65E+01	1.35E+03
41.9	60.25	2.47	1.37E+00	3.70E+01	1.37E+03
42.0	60.43	2.48	1.39E+00	3.75E+01	1.39E+03
42.1	60.61	2.49	1.40E+00	3.79E+01	1.40E+03
42.2	60.79	2.49	1.42E+00	3.84E+01	1.42E+03
42.3	60.95	2.50	1.44E+00	3.89E+01	1.44E+03
42.4	61.12	2.51	1.46E+00	3.94E+01	1.46E+03
42.5	61.27	2.51	1.47E+00	3.98E+01	1.47E+03
42.6	61.42	2.52	1.49E+00	4.03E+01	1.49E+03
42.7	61.56	2.53	1.51E+00	4.08E+01	1.51E+03
42.8	61.70	2.53	1.53E+00	4.13E+01	1.53E+03
42.9	61.83	2.54	1.55E+00	4.18E+01	1.55E+03
43.0	61.95	2.54	1.56E+00	4.23E+01	1.56E+03
43.1	62.07	2.55	1.58E+00	4.28E+01	1.58E+03
43.2	62.18	2.55	1.60E+00	4.33E+01	1.60E+03
43.3	62.29	2.56	1.62E+00	4.38E+01	1.62E+03
43.4	62.39	2.56	1.64E+00	4.43E+01	1.64E+03
43.5	62.49	2.56	1.66E+00	4.48E+01	1.66E+03
43.6	62.58	2.57	1.67E+00	4.53E+01	1.67E+03
43.7	62.67	2.57	1.69E+00	4.58E+01	1.69E+03
43.8	62.75	2.57	1.71E+00	4.63E+01	1.71E+03
43.9	62.82	2.58	1.73E+00	4.68E+01	1.73E+03
44.0	62.89	2.58	1.75E+00	4.73E+01	1.75E+03
44.1	62.95	2.58	1.77E+00	4.78E+01	1.77E+03
44.2	63.01	2.58	1.79E+00	4.83E+01	1.79E+03
44.3	63.07	2.59	1.81E+00	4.88E+01	1.81E+03
44.4	63.12	2.59	1.82E+00	4.93E+01	1.82E+03
44.5	63.16	2.59	1.84E+00	4.98E+01	1.84E+03
44.6	63.20	2.59	1.86E+00	5.03E+01	1.86E+03
44.7	63.24	2.59	1.88E+00	5.09E+01	1.88E+03
44.8	63.27	2.60	1.90E+00	5.14E+01	1.90E+03
44.9	63.30	2.60	1.92E+00	5.19E+01	1.92E+03
45.0	63.32	2.56	1.94E+00	5.24E+01	1.94E+03
45.1	63.34	2.57	1.96E+00	5.29E+01	1.96E+03
45.2	63.35	2.57	1.98E+00	5.35E+01	1.98E+03
45.3	63.36	2.57	2.00E+00	5.40E+01	2.00E+03
45.4	63.37	2.57	2.02E+00	5.45E+01	2.02E+03
45.5	63.37	2.57	2.04E+00	5.50E+01	2.04E+03
45.6	63.36	2.57	2.06E+00	5.56E+01	2.06E+03
45.7	63.36	2.57	2.08E+00	5.61E+01	2.07E+03
45.8	63.35	2.57	2.09E+00	5.66E+01	2.09E+03
45.9	63.34	2.57	2.11E+00	5.71E+01	2.11E+03
46.0	63.32	2.57	2.13E+00	5.77E+01	2.13E+03
46.1	63.30	2.56	2.15E+00	5.82E+01	2.15E+03
46.2	63.28	2.56	2.17E+00	5.87E+01	2.17E+03
46.3	63.25	2.56	2.19E+00	5.93E+01	2.19E+03
46.4	63.22	2.56	2.21E+00	5.98E+01	2.21E+03
46.5	63.19	2.56	2.23E+00	6.03E+01	2.23E+03
46.6	63.15	2.56	2.25E+00	6.09E+01	2.25E+03
46.7	63.11	2.56	2.27E+00	6.14E+01	2.27E+03
46.8	63.07	2.55	2.29E+00	6.19E+01	2.29E+03
46.9	63.03	2.55	2.31E+00	6.25E+01	2.31E+03
47.0	62.98	2.55	2.33E+00	6.30E+01	2.33E+03
47.1	62.93	2.55	2.35E+00	6.35E+01	2.35E+03
47.2	62.88	2.55	2.37E+00	6.41E+01	2.37E+03
47.3	62.83	2.54	2.39E+00	6.46E+01	2.39E+03
47.4	62.77	2.54	2.41E+00	6.51E+01	2.41E+03
47.5	62.71	2.54	2.43E+00	6.57E+01	2.43E+03
47.6	62.65	2.54	2.45E+00	6.62E+01	2.45E+03
47.7	62.58	2.54	2.47E+00	6.67E+01	2.47E+03
47.8	62.52	2.53	2.49E+00	6.73E+01	2.49E+03
47.9	62.45	2.53	2.51E+00	6.78E+01	2.51E+03
48.0	62.38	2.53	2.53E+00	6.84E+01	2.53E+03
48.1	62.31	2.52	2.55E+00	6.89E+01	2.55E+03
48.2	62.23	2.52	2.57E+00	6.94E+01	2.57E+03
48.3	62.16	2.52	2.59E+00	7.00E+01	2.59E+03
48.4	62.08	2.51	2.61E+00	7.05E+01	2.61E+03
48.5	62.00	2.51	2.63E+00	7.10E+01	2.63E+03
48.6	61.92	2.51	2.65E+00	7.16E+01	2.65E+03
48.7	61.84	2.51	2.67E+00	7.21E+01	2.67E+03
48.8	61.76	2.50	2.69E+00	7.27E+01	2.69E+03
48.9	61.67	2.50	2.71E+00	7.32E+01	2.71E+03
49.0	61.59	2.49	2.73E+00	7.37E+01	2.73E+03
49.1	61.50	2.49	2.75E+00	7.43E+01	2.75E+03
49.2	61.41	2.49	2.77E+00	7.48E+01	2.77E+03
49.3	61.32	2.48	2.79E+00	7.54E+01	2.79E+03
49.4	61.23	2.48	2.81E+00	7.59E+01	2.81E+03
49.5	61.14	2.48	2.83E+00	7.64E+01	2.83E+03
49.6	61.04	2.47	2.85E+00	7.70E+01	2.85E+03
49.7	60.95	2.47	2.87E+00	7.75E+01	2.87E+03
49.8	60.86	2.47	2.89E+00	7.80E+01	2.89E+03
49.9	60.76	2.46	2.91E+00	7.86E+01	2.91E+03
50.0	60.66	2.46	2.93E+00	7.91E+01	2.93E+03
50.1	60.56	2.46	2.95E+00	7.97E+01	2.95E+03
50.2	60.47	2.45	2.97E+00	8.02E+01	2.97E+03
50.3	60.37	2.45	2.99E+00	8.07E+01	2.99E+03
50.4	60.27	2.44	3.01E+00	8.13E+01	3.01E+03
50.5	60.17	2.44	3.03E+00	8.18E+01	3.03E+03
50.6	60.07	2.44	3.05E+00	8.23E+01	3.05E+03
50.7	59.96	2.43	3.07E+00	8.29E+01	3.07E+03
50.8	59.86	2.43	3.09E+00	8.34E+01	3.09E+03
50.9	59.76	2.42	3.11E+00	8.39E+01	3.11E+03
51.0	59.66	2.42	3.13E+00	8.45E+01	3.13E+03
51.1	59.55	2.41	3.15E+00	8.50E+01	3.14E+03
51.2	59.45	2.41	3.17E+00	8.55E+01	3.16E+03
51.3	59.34	2.41	3.19E+00	8.61E+01	3.18E+03
51.4	59.24	2.40	3.20E+00	8.66E+01	3.20E+03
51.5	59.13	2.40	3.22E+00	8.72E+01	3.22E+03
51.6	59.03	2.39	3.24E+00	8.77E+01	3.24E+03
51.7	58.92	2.39	3.26E+00	8.82E+01	3.26E+03
51.8	58.81	2.38	3.28E+00	8.88E+01	3.28E+03
51.9	58.70	2.38	3.30E+00	8.93E+01	3.30E+03
52.0	58.60	2.38	3.32E+00	8.98E+01	3.32E+03
52.1	58.49	2.37	3.34E+00	9.04E+01	3.34E+03
52.2	58.38	2.37	3.36E+00	9.09E+01	3.36E+03
52.3	58.27	2.36	3.38E+00	9.14E+01	3.38E+03
52.4	58.16	2.36	3.40E+00	9.19E+01	3.40E+03
52.5	58.05	2.35	3.42E+00	9.25E+01	3.42E+03
52.6	57.95	2.35	3.44E+00	9.30E+01	3.44E+03
52.7	57.84	2.34	3.46E+00	9.35E+01	3.46E+03
52.8	57.73	2.34	3.48E+00	9.41E+01	3.48E+03
52.9	57.62	2.34	3.50E+00	9.46E+01	3.50E+03
53.0	57.51	2.33	3.52E+00	9.51E+01	3.52E+03
53.1	57.40	2.33	3.54E+00	9.57E+01	3.54E+03
53.2	57.29	2.32	3.56E+00	9.62E+01	3.56E+03
53.3	57.18	2.32	3.58E+00	9.67E+01	3.58E+03
53.4	57.07	2.31	3.60E+00	9.73E+01	3.60E+03
53.5	56.96	2.31	3.62E+00	9.78E+01	3.62E+03
53.6	56.85	2.30	3.64E+00	9.83E+01	3.64E+03
53.7	56.74	2.30	3.66E+00	9.88E+01	3.66E+03
53.8	56.63	2.30	3.68E+00	9.94E+01	3.68E+03
53.9	56.52	2.29	3.70E+00	9.99E+01	3.70E+03
54.0	56.41	2.29	3.72E+00	1.00E+02	3.71E+03
54.1	56.30	2.28	3.74E+00	1.01E+02	3.73E+03
54.2	56.19	2.28	3.75E+00	1.01E+02	3.75E+03
54.3	56.08	2.27	3.77E+00	1.02E+02	3.77E+03
54.4	55.98	2.27	3.79E+00	1.03E+02	3.79E+03
54.5	55.87	2.26	3.81E+00	1.03E+02	3.81E+03
54.6	55.76	2.26	3.83E+00	1.04E+02	3.83E+03
54.7	55.65	2.26	3.85E+00	1.04E+02	3.85E+03
54.8	55.55	2.25	3.87E+00	1.05E+02	3.87E+03
54.9	55.44	2.25	3.89E+00	1.05E+02	3.89E+03
55.0	55.33	2.24	3.91E+00	1.06E+02	3.91E+03
55.1	55.23	2.24	3.93E+00	1.06E+02	3.93E+03
55.2	55.12	2.23	3.95E+00	1.07E+02	3.95E+03
55.3	55.01	2.23	3.97E+00	1.07E+02	3.97E+03
55.4	54.91	2.23	3.99E+00	1.08E+02	3.99E+03
55.5	54.81	2.22	4.01E+00	1.08E+02	4.01E+03
55.6	54.70	2.22	4.03E+00	1.09E+02	4.03E+03
55.7	54.60	2.21	4.05E+00	1.09E+02	4.04E+03
55.8	54.49	2.21	4.06E+00	1.10E+02	4.06E+03
55.9	54.39	2.21	4.08E+00	1.10E+02	4.08E+03
56.0	54.29	2.20	4.10E+00	1.11E+02	4.10E+03
56.1	54.19	2.20	4.12E+00	1.11E+02	4.12E+03
56.2	54.09	2.19	4.14E+00	1.12E+02	4.14E+03
56.3	53.98	2.19	4.16E+00	1.12E+02	4.16E+03
56.4	53.88	2.18	4.18E+00	1.13E+02	4.18E+03
56.5	53.78	2.18	4.20E+00	1.14E+02	4.20E+03
56.6	53.68	2.18	4.22E+00	1.14E+02	4.22E+03
56.7	53.58	2.17	4.24E+00	1.15E+02	4.24E+03
56.8	53.48	2.17	4.26E+00	1.15E+02	4.26E+03
56.9	53.39	2.16	4.28E+00	1.16E+02	4.28E+03
57.0	53.29	2.16	4.30E+00	1.16E+02	4.30E+03
57.1	53.19	2.16	4.32E+00	1.17E+02	4.31E+03
57.2	53.09	2.15	4.33E+00	1.17E+02	4.33E+03
57.3	53.00	2.15	4.35E+00	1.18E+02	4.35E+03
57.4	52.90	2.14	4.37E+00	1.18E+02	4.37E+03
57.5	52.80	2.14	4.39E+00	1.19E+02	4.39E+03
57.6	52.71	2.14	4.41E+00	1.19E+02	4.41E+03
57.7	52.61	2.13	4.43E+00	1.20E+02	4.43E+03
57.8	52.52	2.13	4.45E+00	1.20E+02	4.45E+03
57.9	52.43	2.13	4.47E+00	1.21E+02	4.47E+03
58.0	52.33	2.12	4.49E+00	1.21E+02	4.49E+03
58.1	52.24	2.12	4.51E+00	1.22E+02	4.51E+03
58.2	52.15	2.11	4.53E+00	1.22E+02	4.53E+03
58.3	52.05	2.11	4.55E+00	1.23E+02	4.54E+03
58.4	51.96	2.11	4.56E+00	1.23E+02	4.56E+03
58.5	51.87	2.10	4.58E+00	1.24E+02	4.58E+03
58.6	51.78	2.10	4.60E+00	1.24E+02	4.60E+03
58.7	51.69	2.10	4.62E+00	1.25E+02	4.62E+03
58.8	51.60	2.09	4.64E+00	1.25E+02	4.64E+03
58.9	51.51	2.09	4.66E+00	1.26E+02	4.66E+03
59.0	51.42	2.08	4.68E+00	1.26E+02	4.68E+03
59.1	51.33	2.08	4.70E+00	1.27E+02	4.70E+03
59.2	51.25	2.08	4.72E+00	1.27E+02	4.72E+03
59.3	51.16	2.07	4.74E+00	1.28E+02	4.73E+03
59.4	51.07	2.07	4.75E+00	1.28E+02	4.75E+03
59.5	50.98	2.07	4.77E+00	1.29E+02	4.77E+03
59.6	50.90	2.06	4.79E+00	1.30E+02	4.79E+03
59.7	50.81	2.06	4.81E+00	1.30E+02	4.81E+03
59.8	50.73	2.06	4.83E+00	1.31E+02	4.83E+03
59.9	50.64	2.05	4.85E+00	1.31E+02	4.85E+03
60.0	50.56	2.07	4.87E+00	1.32E+02	4.87E+03
60.1	50.48	2.07	4.89E+00	1.32E+02	4.89E+03
60.2	50.39	2.06	4.91E+00	1.33E+02	4.91E+03
60.3	50.31	2.06	4.93E+00	1.33E+02	4.92E+03
60.4	50.23	2.06	4.94E+00	1.34E+02	4.94E+03
60.5	50.15	2.05	4.96E+00	1.34E+02	4.96E+03
60.6	50.07	2.05	4.98E+00	1.35E+02	4.98E+03
60.7	49.99	2.05	5.00E+00	1.35E+02	5.00E+03
60.8	49.91	2.04	5.02E+00	1.36E+02	5.02E+03
60.9	49.83	2.04	5.04E+00	1.36E+02	5.04E+03
61.0	49.75	2.04	5.06E+00	1.37E+02	5.06E+03
61.1	49.67	2.03	5.08E+00	1.37E+02	5.08E+03
61.2	49.59	2.03	5.10E+00	1.38E+02	5.09E+03
61.3	49.52	2.03	5.11E+00	1.38E+02	5.11E+03
61.4	49.44	2.02	5.13E+00	1.39E+02	5.13E+03
61.5	49.36	2.02	5.15E+00	1.39E+02	5.15E+03
61.6	49.29	2.02	5.17E+00	1.40E+02	5.17E+03
61.7	49.21	2.01	5.19E+00	1.40E+02	5.19E+03
61.8	49.14	2.01	5.21E+00	1.41E+02	5.21E+03
61.9	49.06	2.01	5.23E+00	1.41E+02	5.23E+03
62.0	48.99	2.01	5.25E+00	1.42E+02	5.25E+03
62.1	48.91	2.00	5.26E+00	1.42E+02	5.26E+03
62.2	48.84	2.00	5.28E+00	1.43E+02	5.28E+03
62.3	48.77	2.00	5.30E+00	1.43E+02	5.30E+03
62.4	48.69	1.99	5.32E+00	1.44E+02	5.32E+03
62.5	48.62	1.99	5.34E+00	1.44E+02	5.34E+03
62.6	48.55	1.99	5.36E+00	1.45E+02	5.36E+03
62.7	48.48	1.98	5.38E+00	1.45E+02	5.38E+03
62.8	48.41	1.98	5.40E+00	1.46E+02	5.40E+03
62.9	48.34	1.98	5.42E+00	1.46E+02	5.41E+03
63.0	48.27	1.98	5.43E+00	1.47E+02	5.43E+03
63.1	48.20	1.97	5.45E+00	1.47E+02	5.45E+03
63.2	48.13	1.97	5.47E+00	1.48E+02	5.47E+03
63.3	48.07	1.97	5.49E+00	1.48E+02	5.49E+03
63.4	48.00	1.96	5.51E+00	1.49E+02	5.51E+03
63.5	47.93	1.96	5.53E+00	1.49E+02	5.53E+03
63.6	47.86	1.96	5.55E+00	1.50E+02	5.55E+03
63.7	47.80	1.96	5.57E+00	1.50E+02	5.56E+03
63.8	47.73	1.95	5.58E+00	1.51E+02	5.58E+03
63.9	47.67	1.95	5.60E+00	1.51E+02	5.60E+03
64.0	47.60	1.95	5.62E+00	1.52E+02	5.62E+03
64.1	47.54	1.95	5.64E+00	1.52E+02	5.64E+03
64.2	47.47	1.94	5.66E+00	1.53E+02	5.66E+03
64.3	47.41	1.94	5.68E+00	1.53E+02	5.68E+03
64.4	47.35	1.94	5.70E+00	1.54E+02	5.70E+03
64.5	47.28	1.94	5.72E+00	1.54E+02	5.71E+03
64.6	47.22	1.93	5.73E+00	1.55E+02	5.73E+03
64.7	47.16	1.93	5.75E+00	1.55E+02	5.75E+03
64.8	47.10	1.93	5.77E+00	1.56E+02	5.77E+03
64.9	47.04	1.93	5.79E+00	1.56E+02	5.79E+03
65.0	46.97	1.92	5.81E+00	1.57E+02	5.81E+03
65.1	46.91	1.92	5.83E+00	1.57E+02	5.83E+03
65.2	46.85	1.92	5.85E+00	1.58E+02	5.84E+03
65.3	46.79	1.92	5.86E+00	1.59E+02	5.86E+03
65.4	46.74	1.91	5.88E+00	1.59E+02	5.88E+03
65.5	46.68	1.91	5.90E+00	1.60E+02	5.90E+03
65.6	46.62	1.91	5.92E+00	1.60E+02	5.92E+03
65.7	46.56	1.91	5.94E+00	1.61E+02	5.94E+03
65.8	46.50	1.90	5.96E+00	1.61E+02	5.96E+03
65.9	46.45	1.90	5.98E+00	1.62E+02	5.98E+03
66.0	46.39	1.90	6.00E+00	1.62E+02	5.99E+03
66.1	46.33	1.90	6.01E+00	1.63E+02	6.01E+03
66.2	46.28	1.89	6.03E+00	1.63E+02	6.03E+03
66.3	46.22	1.89	6.05E+00	1.64E+02	6.05E+03
66.4	46.17	1.89	6.07E+00	1.64E+02	6.07E+03
66.5	46.11	1.89	6.09E+00	1.65E+02	6.09E+03
66.6	46.06	1.89	6.11E+00	1.65E+02	6.11E+03
66.7	46.00	1.88	6.13E+00	1.66E+02	6.12E+03
66.8	45.95	1.88	6.14E+00	1.66E+02	6.14E+03
66.9	45.90	1.88	6.16E+00	1.67E+02	6.16E+03
67.0	45.85	1.88	6.18E+00	1.67E+02	6.18E+03
67.1	45.79	1.87	6.20E+00	1.68E+02	6.20E+03
67.2	45.74	1.87	6.22E+00	1.68E+02	6.22E+03
67.3	45.69	1.87	6.24E+00	1.69E+02	6.24E+03
67.4	45.64	1.87	6.26E+00	1.69E+02	6.26E+03
67.5	45.59	1.87	6.28E+00	1.70E+02	6.27E+03
67.6	45.54	1.86	6.29E+00	1.70E+02	6.29E+03
67.7	45.49	1.86	6.31E+00	1.71E+02	6.31E+03
67.8	45.44	1.86	6.33E+00	1.71E+02	6.33E+03
67.9	45.39	1.86	6.35E+00	1.72E+02	6.35E+03
68.0	45.34	1.86	6.37E+00	1.72E+02	6.37E+03
68.1	45.30	1.85	6.39E+00	1.73E+02	6.39E+03
68.2	45.25	1.85	6.41E+00	1.73E+02	6.41E+03
68.3	45.20	1.85	6.42E+00	1.74E+02	6.42E+03
68.4	45.15	1.85	6.44E+00	1.74E+02	6.44E+03
68.5	45.11	1.85	6.46E+00	1.75E+02	6.46E+03
68.6	45.06	1.84	6.48E+00	1.75E+02	6.48E+03
68.7	45.02	1.84	6.50E+00	1.76E+02	6.50E+03
68.8	44.97	1.84	6.52E+00	1.76E+02	6.52E+03
68.9	44.93	1.84	6.54E+00	1.77E+02	6.54E+03
69.0	44.88	1.84	6.56E+00	1.77E+02	6.55E+03
69.1	44.84	1.84	6.57E+00	1.78E+02	6.57E+03
69.2	44.79	1.83	6.59E+00	1.78E+02	6.59E+03
69.3	44.75	1.83	6.61E+00	1.79E+02	6.61E+03
69.4	44.71	1.83	6.63E+00	1.79E+02	6.63E+03
69.5	44.66	1.83	6.65E+00	1.80E+02	6.65E+03
69.6	44.62	1.83	6.67E+00	1.80E+02	6.67E+03
69.7	44.58	1.82	6.69E+00	1.81E+02	6.69E+03
69.8	44.54	1.82	6.71E+00	1.81E+02	6.71E+03
69.9	44.50	1.82	6.72E+00	1.82E+02	6.72E+03
70.0	44.46	1.81	6.74E+00	1.82E+02	6.74E+03
70.1	44.42	1.81	6.76E+00	1.83E+02	6.76E+03
70.2	44.38	1.81	6.78E+00	1.83E+02	6.78E+03
70.3	44.34	1.81	6.80E+00	1.84E+02	6.80E+03
70.4	44.30	1.81	6.82E+00	1.84E+02	6.82E+03
70.5	44.26	1.80	6.84E+00	1.85E+02	6.84E+03
70.6	44.22	1.80	6.86E+00	1.85E+02	6.86E+03
70.7	44.19	1.80	6.88E+00	1.86E+02	6.87E+03
70.8	44.15	1.80	6.89E+00	1.86E+02	6.89E+03
70.9	44.11	1.80	6.91E+00	1.87E+02	6.91E+03
71.0	44.08	1.80	6.93E+00	1.87E+02	6.93E+03
71.1	44.04	1.79	6.95E+00	1.88E+02	6.95E+03
71.2	44.00	1.79	6.97E+00	1.88E+02	6.97E+03
71.3	43.97	1.79	6.99E+00	1.89E+02	6.99E+03
71.4	43.93	1.79	7.01E+00	1.89E+02	7.01E+03
71.5	43.90	1.79	7.03E+00	1.90E+02	7.03E+03
71.6	43.86	1.79	7.05E+00	1.90E+02	7.05E+03
71.7	43.83	1.79	7.07E+00	1.91E+02	7.06E+03
71.8	43.79	1.78	7.08E+00	1.91E+02	7.08E+03
71.9	43.76	1.78	7.10E+00	1.92E+02	7.10E+03
72.0	43.73	1.78	7.12E+00	1.92E+02	7.12E+03
72.1	43.69	1.78	7.14E+00	1.93E+02	7.14E+03
72.2	43.66	1.78	7.16E+00	1.94E+02	7.16E+03
72.3	43.63	1.78	7.18E+00	1.94E+02	7.18E+03
72.4	43.60	1.78	7.20E+00	1.95E+02	7.20E+03
72.5	43.57	1.78	7.22E+00	1.95E+02	7.22E+03
72.6	43.53	1.77	7.24E+00	1.96E+02	7.24E+03
72.7	43.50	1.77	7.26E+00	1.96E+02	7.25E+03
72.8	43.47	1.77	7.27E+00	1.97E+02	7.27E+03
72.9	43.44	1.77	7.29E+00	1.97E+02	7.29E+03
73.0	43.41	1.77	7.31E+00	1.98E+02	7.31E+03
73.1	43.38	1.77	7.33E+00	1.98E+02	7.33E+03
73.2	43.35	1.77	7.35E+00	1.99E+02	7.35E+03
73.3	43.32	1.77	7.37E+00	1.99E+02	7.37E+03
73.4	43.29	1.76	7.39E+00	2.00E+02	7.39E+03
73.5	43.26	1.76	7.41E+00	2.00E+02	7.41E+03
73.6	43.23	1.76	7.43E+00	2.01E+02	7.43E+03
73.7	43.21	1.76	7.45E+00	2.01E+02	7.45E+03
73.8	43.18	1.76	7.47E+00	2.02E+02	7.46E+03
73.9	43.15	1.76	7.49E+00	2.02E+02	7.48E+03
74.0	43.12	1.76	7.50E+00	2.03E+02	7.50E+03
74.1	43.09	1.76	7.52E+00	2.03E+02	7.52E+03
74.2	43.07	1.76	7.54E+00	2.04E+02	7.54E+03
74.3	43.04	1.75	7.56E+00	2.04E+02	7.56E+03
74.4	43.01	1.75	7.58E+00	2.05E+02	7.58E+03
74.5	42.99	1.75	7.60E+00	2.05E+02	7.60E+03
74.6	42.96	1.75	7.62E+00	2.06E+02	7.62E+03
74.7	42.93	1.75	7.64E+00	2.06E+02	7.64E+03
74.8	42.91	1.75	7.66E+00	2.07E+02	7.66E+03
74.9	42.88	1.75	7.68E+00	2.08E+02	7.68E+03
75.0	42.86	1.75	7.70E+00	2.08E+02	7.70E+03
75.1	42.83	1.75	7.72E+00	2.09E+02	7.72E+03
75.2	42.81	1.74	7.74E+00	2.09E+02	7.73E+03
75.3	42.78	1.74	7.76E+00	2.10E+02	7.75E+03
75.4	42.76	1.74	7.77E+00	2.10E+02	7.77E+03
75.5	42.73	1.74	7.79E+00	2.11E+02	7.79E+03
75.6	42.71	1.74	7.81E+00	2.11E+02	7.81E+03
75.7	42.68	1.74	7.83E+00	2.12E+02	7.83E+03
75.8	42.66	1.74	7.85E+00	2.12E+02	7.85E+03
75.9	42.64	1.74	7.87E+00	2.13E+02	7.87E+03
76.0	42.61	1.74	7.89E+00	2.13E+02	7.89E+03
76.1	42.59	1.74	7.91E+00	2.14E+02	7.91E+03
76.2	42.56	1.73	7.93E+00	2.14E+02	7.93E+03
76.3	42.54	1.73	7.95E+00	2.15E+02	7.95E+03
76.4	42.52	1.73	7.97E+00	2.15E+02	7.97E+03
76.5	42.50	1.73	7.99E+00	2.16E+02	7.99E+03
76.6	42.47	1.73	8.01E+00	2.16E+02	8.01E+03
76.7	42.45	1.73	8.03E+00	2.17E+02	8.03E+03
76.8	42.43	1.73	8.05E+00	2.17E+02	8.04E+03
76.9	42.40	1.73	8.07E+00	2.18E+02	8.06E+03
77.0	42.38	1.73	8.09E+00	2.19E+02	8.08E+03
77.1	42.36	1.73	8.10E+00	2.19E+02	8.10E+03
77.2	42.34	1.73	8.12E+00	2.20E+02	8.12E+03
77.3	42.32	1.72	8.14E+00	2.20E+02	8.14E+03
77.4	42.29	1.72	8.16E+00	2.21E+02	8.16E+03
77.5	42.27	1.72	8.18E+00	2.21E+02	8.18E+03
77.6	42.25	1.72	8.20E+00	2.22E+02	8.20E+03
77.7	42.23	1.72	8.22E+00	2.22E+02	8.22E+03
77.8	42.21	1.72	8.24E+00	2.23E+02	8.24E+03
77.9	42.19	1.72	8.26E+00	2.23E+02	8.26E+03
78.0	42.16	1.72	8.28E+00	2.24E+02	8.28E+03
78.1	42.14	1.72	8.30E+00	2.24E+02	8.30E+03
78.2	42.12	1.72	8.32E+00	2.25E+02	8.32E+03
78.3	42.10	1.72	8.34E+00	2.25E+02	8.34E+03
78.4	42.08	1.71	8.36E+00	2.26E+02	8.36E+03
78.5	42.06	1.71	8.38E+00	2.26E+02	8.38E+03
78.6	42.04	1.71	8.40E+00	2.27E+02	8.40E+03
78.7	42.02	1.71	8.42E+00	2.28E+02	8.42E+03
78.8	42.00	1.71	8.44E+00	2.28E+02	8.44E+03
78.9	41.98	1.71	8.46E+00	2.29E+02	8.46E+03
79.0	41.96	1.71	8.48E+00	2.29E+02	8.48E+03
79.1	41.93	1.71	8.50E+00	2.30E+02	8.50E+03
79.2	41.91	1.71	8.52E+00	2.30E+02	8.51E+03
79.3	41.89	1.71	8.54E+00	2.31E+02	8.53E+03
79.4	41.87	1.71	8.56E+00	2.31E+02	8.55E+03
79.5	41.85	1.71	8.58E+00	2.32E+02	8.57E+03
79.6	41.83	1.70	8.60E+00	2.32E+02	8.59E+03
79.7	41.81	1.70	8.61E+00	2.33E+02	8.61E+03
79.8	41.79	1.70	8.63E+00	2.33E+02	8.63E+03
79.9	41.77	1.70	8.65E+00	2.34E+02	8.65E+03
80.0	41.75	1.89	8.67E+00	2.34E+02	8.67E+03
